0	[4.37872449e+01 1.38928571e+00 7.29747067e-03 1.05372449e+01
 1.10367347e+01 7.67346939e-01 4.92500000e+00 2.44081633e+00
 4.19897959e-01 7.16326531e-01 1.86681075e-01 1.93073492e-01
 2.85430518e-01]
1	[ 3.96834738e+01  9.07746143e-01 -1.44986222e-02  2.10911404e+00
  1.05178941e+01  7.51391761e-01  4.84380468e+00  2.50310164e+00
  4.78288532e-01  7.03674248e-01  2.29775686e-02  2.93880341e-02
  2.47049252e-01]
2	[22.06293158  0.34118016  0.10479417  2.89077213  9.52259887  1.75753296
  4.59243566  2.01993095  0.44978029  0.57407407 -0.12175999 -0.1209352
 -0.45210984]
3	[ 4.87745034e+01  1.02597686e+00 -8.48184843e-02  2.21894783e+00
  1.02927308e+01  7.11416721e-01  4.88321327e+00  2.52433966e+00
  4.44662737e-01  7.04431347e-01  8.34536557e-02  3.72614704e-02
  2.12366352e-01]
4	[ 5.84005031e+01  1.38485187e+00 -1.16090461e-01  4.43571828e+00
  9.68501956e+00  8.08831750e-01  5.35103410e+00  2.46841811e+00
  3.89323644e-01  7.16042482e-01  7.62958871e-02  3.42210710e-02
  3.44915665e-02]
5	[24.07487521  7.19384359  0.08620265  3.02412646  9.42762063  1.65058236
 13.5         1.95757072  0.68552413  0.52163062 -0.1078535  -0.0871542
 -0.47979509]
6	[70.8037594   3.25338346 -0.13244288  4.41804511  9.36090226  1.37067669
  8.19398496  2.56466165  0.32180451  0.66541353  0.09210085  0.08891088
 -0.89787911]
7	[ 3.10107571e+01  5.65852986e-01  3.93821446e-02  3.16204661e+00
  1.02351400e+01  1.06150876e+00  4.58543649e+00  2.47841677e+00
  4.95379948e-01  6.89973797e-01 -5.27709697e-02 -1.36832775e-02
  1.98984043e-01]
