Eigenvectors: 
[ 9.61038911e-01  2.78162614e-02 -5.64518668e-04  7.93214291e-02
  2.26511321e-01  2.21768587e-02  1.19372435e-01  5.43695813e-02
  1.00072142e-02  1.52402952e-02  5.98255010e-04  4.39492961e-04
  5.25804332e-04]
[ 0.2574585  -0.20155806 -0.01041847 -0.09112373 -0.65084702 -0.10472851
 -0.66312299 -0.09326391 -0.03234231 -0.02045086  0.00609824  0.00638327
  0.0116208 ]
[ 0.03086555  0.20442913  0.00575716  0.61041433 -0.60476819 -0.00694251
  0.46483662 -0.03664777  0.01267542 -0.01453047 -0.012129   -0.00802274
 -0.02872415]
[-0.09266781 -0.21649304  0.01134603  0.77948343  0.3586746   0.04228941
 -0.44692901  0.07334319  0.00497055  0.02410602  0.00917009  0.007132
  0.02277938]


Eigenvalues and explained variance percentage:
Eigenvalue: 174.52338934103992		Explained Variance Percentage: 0.7553770770581845
Eigenvalue: 19.848393034007692		Explained Variance Percentage: 0.08590837692839311
Eigenvalue: 13.308480233741204		Explained Variance Percentage: 0.05760214110559946
Eigenvalue: 11.407087616671282		Explained Variance Percentage: 0.04937247972413473
