Kurtosis of 1st Component Original Dataset: -0.1662862143440753
Kurtosis of 1st Component Transformed Data: 4.308926102684281


Mixing Matrix
[-425.66213092  -64.5666275     5.08417312 -401.79589213 -265.58358205
   29.90825429   30.128058      5.05107925   17.06909348   -5.14608986
  -24.71740568  -17.15676619  -25.78689865]
[ 1.92363067e+03  1.91080857e+02 -1.10251045e+01 -2.09931363e+01
 -7.60989205e+00 -2.57173708e+01  4.08015184e+02  1.88529993e+01
  2.92469058e+00  1.04291628e+00  6.73001873e+00  4.39539876e+00
 -2.61099213e+00]
[ 1.11301986e+02 -1.58582630e+01  8.71812495e+00  4.77506311e+02
 -3.76015344e+02  1.93713591e+01  5.97808965e+01  1.32774604e+01
  1.66404690e+01 -2.01303508e-01 -1.49406836e+01 -9.53510281e+00
 -1.92520048e+01]
[1471.12234632 -191.16308042   -8.03619512    1.79302435  -10.22537143
  -38.68628097 -485.33443788   24.11135291  -11.1721518     9.85826093
    8.72890199    7.53637779   18.33957669]
