Eigenvectors: 
[ 0.99886929  0.01910843 -0.00563094  0.03277227  0.006764   -0.0192681
  0.01191956  0.01170057 -0.0026616   0.00307486  0.00573427  0.00426521
  0.0050677 ]
[-0.02189859  0.36975862  0.00299502  0.17746259 -0.11980574  0.02821558
  0.90257086 -0.00713246  0.02027143 -0.01008423 -0.00858647 -0.00754568
 -0.0286221 ]
[-0.02381538 -0.08886214  0.0110965   0.91960984 -0.3308947   0.00878242
 -0.18944899  0.01197958  0.00788908  0.00463481 -0.00470582 -0.00174754
 -0.0043802 ]
[-0.02264951  0.18245685 -0.01455736  0.3439163   0.91126974 -0.06277446
 -0.01607909 -0.03410506 -0.0475407   0.00713389  0.06073542  0.04087906
  0.0652717 ]


Eigenvalues and explained variance percentage:
Eigenvalue: 186.46478875749355		Explained Variance Percentage: 0.8070373940875747
Eigenvalue: 14.738611703296284		Explained Variance Percentage: 0.06379011748414537
Eigenvalue: 12.545494572755633		Explained Variance Percentage: 0.054298097324445294
Eigenvalue: 5.924709668506251		Explained Variance Percentage: 0.02564270865002435
