0	[24.69447434  0.          0.10251467  1.9240883   9.87772041  2.
  4.63504496  2.20054411  0.81275769  0.55615801 -0.14592048 -0.21665953
 -0.39504046]
1	[ 4.10571734e+01  1.29025750e+00  3.01400008e-02  3.60681028e+00
  1.08311763e+01  1.65639401e+00  5.26518078e+00  2.92097452e+00
  8.23833033e-01  5.75517463e-01  8.03017367e-01 -2.16659527e-01
  6.45200048e-02]
2	[ 3.65448059e+01  0.00000000e+00  2.44551330e-01  1.85732546e+00
  1.00732866e+01  1.74212657e+00  4.32813267e+00  2.75350501e+00
  7.18706317e-01  5.73177072e-01 -1.45920484e-01  4.02810961e+00
 -2.60947019e-03]
3	[ 3.85996168e+01  2.51114156e+00 -2.53506970e-02  1.56649707e+00
  1.02577913e+01  1.98495611e+00  5.26893160e+00  3.20864268e+00
  1.24793137e+00  4.55818815e-01 -1.45920484e-01 -2.16659527e-01
 -8.40453738e-02]
4	[42.59526448  0.87182263 -0.04970366  1.90140813 10.04690396  0.
  4.69795584  1.90674504  0.35985764  0.95337252 -0.14592048 -0.21665953
  0.28886302]
5	[ 3.93219199e+01  0.00000000e+00  6.94209666e-03  4.71073634e+00
  9.58610900e+00  1.30827911e+00  4.66637621e+00  2.69110235e+00
  0.00000000e+00  5.37625751e-01 -1.45920484e-01 -2.16659527e-01
 -1.68735547e-02]
6	[ 4.63584906e+01  1.03773585e+00  3.02280431e-02  4.05660377e+00
  1.29182390e+01  3.14465409e-01  4.58490566e+00  2.05660377e+00
  2.76729560e-01  8.61635220e-01  1.33945779e+01 -2.16659527e-01
  7.58168383e-01]
7	[40.37100802  8.          0.39805488  2.3813395   9.70038942  1.36788017
 14.          1.92663241  0.94560445  0.54057786 -0.14592048  4.21085432
 -0.5182728 ]
8	[ 4.26458156e+01  2.09133683e+00 -1.37636341e-02  8.45725233e+00
  1.05120377e+01  1.64277585e+00  4.92437238e+00  3.00033763e+00
  1.54594777e+00  5.25300024e-01 -1.45920484e-01 -2.16659527e-01
  3.81279065e-02]
9	[40.7728492   1.91308519 -0.06709868  5.83878593 11.23522017  1.56190533
  5.0357624   2.93113466  0.84752742  0.57811018 -0.14592048  4.39323488
  0.11455659]
10	[45.30016199  1.54224501 -0.06121773  4.82861119 11.48833864  0.
  4.86453828  1.79562697  0.          0.89781348  0.35628646  1.03377714
  0.34611007]
11	[ 3.99261622e+01  8.00000000e+00 -2.91445373e-02  3.70883536e+00
  9.19479941e+00  1.50094144e+00  1.40000000e+01  2.17883789e+00
  5.69582457e-01  5.38170945e-01 -1.45920484e-01 -2.16659527e-01
 -7.02838269e-01]
