0	[-1.29251966e-01 -2.39462027e-02 -9.55494199e-02 -2.06629798e-01
 -1.29900644e-01 -2.01564296e-01 -2.22226279e-01 -1.76533910e-01
 -1.86855228e-01 -1.72812620e-01 -1.95680924e-02 -1.42301217e-01
  8.65972223e-03 -1.51763050e-01 -8.51459422e-02 -1.51220479e-01
  1.78073028e-02  1.79979344e-02 -1.15655260e-01 -1.19005901e-01
  2.36058924e+00  3.43754257e-01 -1.51231885e+00  2.88623654e-02
 -1.51204314e+00  2.64714744e-02 -2.03847950e-01 -1.91643490e-01
 -1.49769069e-01  2.97107913e-02  2.91034898e-02 -8.22371362e-02
 -7.91483707e-02 -9.82792852e-02 -1.16004418e-01 -5.75966109e-02
 -1.10554121e-01 -1.33772483e-01 -1.80513056e-01 -8.85048343e-02
 -1.12163840e-01  1.13542592e+01 -1.10960137e-01 -9.84538222e-02
 -9.79603477e-02 -1.00275522e-01 -1.39119821e-01 -1.45202229e-01
 -1.13113011e-01 -1.64030778e-01 -8.10053624e-02  1.21061649e+01
 -1.12270264e-01  6.68369935e-02 -1.29626020e-01 -1.78468205e-01
 -1.01089255e-01  9.73847820e+00  9.76789548e+00 -8.75627630e-02
 -4.12853251e-02 -1.27963290e-01 -4.27471442e-01  1.30277132e-01
  6.80692438e-02  9.79296680e-03  9.16334510e-02  1.90183069e-03
  1.07695236e-01  1.76784519e-01  1.73407348e-02 -1.53207856e-02
  2.33499706e-01 -1.29474311e-01 -2.08780970e-02 -1.30514846e-02
 -1.30568067e-02  1.16593829e-01  2.94359602e+00  3.12362852e+00
  3.88127186e+00 -4.49111120e-02 -4.00605223e-02 -2.72775983e-02
 -1.30484135e-02 -4.00955663e-02 -1.32091668e-02  3.27862479e-02
  3.82994545e-03 -3.75610012e-02  2.52711908e-01  0.00000000e+00
  3.30268102e-02  3.30689666e-02  2.69159845e-02  5.04890632e-02
 -1.49585055e-02 -7.44523954e-02 -3.75610012e-02  3.82994545e-03
  3.27862479e-02  1.48456686e+00 -1.12842651e-01  1.07958696e+00
 -1.61675041e-01 -9.76452218e-03 -1.61417420e-02 -1.40401713e-02
  3.22201425e-02 -6.85577438e-03 -2.89104599e-02 -3.25477454e-02
 -1.17300982e-01  8.53060367e-02  5.95441712e-01  1.27135331e-01
 -6.89823691e-03  1.63919322e-02 -3.08540264e-02 -1.46301291e-02
 -3.18583055e-02 -1.65574024e-02 -3.00564086e-02  1.85007526e+00
 -3.18875188e+00  1.19836773e-01 -3.08540264e-02 -2.71324334e-02
  2.31836098e+00  6.40233904e-02 -1.88048311e-02 -3.59440921e-02
 -3.00229556e-02 -3.18583055e-02 -1.65574024e-02 -3.00564086e-02
 -1.62033929e-02 -1.57378035e-02 -4.22116214e-02 -3.76391664e-02
  3.33883048e+00 -2.36091175e-01  2.94353803e+00  1.16594578e-01
  3.88127186e+00  3.12362819e+00 -1.30519215e-02 -1.30572437e-02
  1.54138598e+00 -1.22770368e-02 -5.30681777e-01  5.03824801e-01
 -1.36971854e-02  2.05501260e-02  5.95441712e-01  8.53060367e-02
 -9.78442366e-02 -9.12482495e-02  1.63928585e-02 -6.01188635e-02
  3.31678781e+00  1.85007526e+00 -2.04515561e-02 -3.18029409e-02
 -3.31606809e-01 -1.24922394e-01  3.21809126e-03  2.63872085e-02
 -2.96332261e-02 -1.52783941e-02 -7.44523954e-02  5.04890632e-02
 -1.74760444e-01 -2.44231265e-02 -1.36148698e-01  1.31644887e-01
 -1.36386681e-01 -1.28670235e-01 -8.35297551e-02 -1.47433919e-01
 -1.07879914e-02 -3.25477454e-02  3.22201425e-02  1.74321072e-02
  1.48456686e+00 -1.12842651e-01 -1.49585055e-02  2.60668226e-02
 -2.81798399e-02 -2.78940510e-02  9.56995694e-03  1.98744814e-02
  4.68306480e-02  4.44240637e-02 -4.39951922e-02 -3.79861565e-02
 -3.15067206e-02 -2.15591933e-02 -7.09267098e-03 -2.27827920e-01
 -1.09811433e-01 -1.70859151e-01 -3.53774609e-01 -4.52682427e-01
 -3.68946658e-01 -4.12119882e-01  4.42695562e-01  2.45263506e-01
 -4.83455874e-01 -1.40165748e-01 -4.56011948e-02  1.02803578e-02
  2.84289134e-01  3.57374619e-01 -1.77876748e-02 -3.34786820e-02
 -3.11871536e-02 -7.89924551e-03 -4.17097197e-02 -2.40612548e-02
 -2.13385524e-02]
1	[ 7.69172219e-01 -3.02146888e-02 -2.25547244e-02  3.19889351e+00
 -1.31211364e-01  4.55193660e+00  3.89176839e+00  2.19525581e+00
 -2.24469159e-01  2.60334607e+00  2.44208505e-01  6.99122988e-02
  2.34967768e-01  1.92415381e+00  3.24070676e+00  1.78938668e+00
  1.78704911e-02  1.80610406e-02  5.40133450e+00  5.29077337e+00
  1.81773895e-02  6.18658229e-01  3.38570707e-02  2.95545490e-02
  3.44626989e-02  2.78869714e-02  1.80883889e+00  2.25941183e+00
  2.10720397e+00  2.99333147e-02  2.96169972e-02  5.98851811e+00
  4.14349386e+00  6.31547220e+00  3.05840223e+00 -6.62849572e-02
  1.01081503e+01  1.83217495e-01  8.84417329e-01  4.80266957e+00
  2.74060063e+00 -2.38552870e-02  9.95229484e+00  3.96653558e+00
  6.54621537e+00  1.01726880e+01  6.67245922e+00  9.41828341e+00
 -1.19271470e-01  2.27668159e-01  1.00241631e+01 -1.96573593e-02
  1.07709348e+01  1.57755219e-01  2.58788109e+00  4.07430850e+00
  1.14998992e+01 -8.41260970e-02 -2.88588833e-02  1.00503236e+01
  8.37193793e-02  7.51938341e-01  2.77485341e-01 -4.26193426e-01
  4.83698150e-01 -5.11876938e-01  3.62415845e-01  3.88478237e-01
 -2.18253312e-01 -3.07467766e+00  3.52276929e-01 -1.21252885e-02
  5.94428697e-01  4.66985146e+00  1.95667277e-01 -1.33306378e-02
 -1.33374275e-02 -2.86758459e-02 -2.55909577e-02 -4.22954840e-02
 -2.00393266e-02 -1.00144649e-01 -4.18666086e-02 -2.64981383e-02
  1.87888744e-01  7.55340748e-02 -1.32087591e-02  3.35275802e-02
  1.23070282e-02 -4.35852278e-02  5.30767324e-01  0.00000000e+00
  3.36546149e-02  3.36584050e-02  4.49262970e-02  6.86284236e-02
 -1.49621953e-02 -7.33548223e-02 -4.35852278e-02  1.23070282e-02
  3.35275802e-02 -1.85006231e-01 -1.39861211e-01 -2.47581261e-02
 -8.09657887e-01 -3.25535125e-02 -1.67210006e-02 -1.56383020e-02
  3.43181894e-02  4.81015433e-03  0.00000000e+00  1.92735279e-02
  0.00000000e+00 -9.75207218e-02  3.36231069e-01  1.28897356e-01
  8.91414884e-05  1.69330459e-02 -2.33889837e-02 -1.45385759e-02
 -3.42330514e-02 -1.63314748e-02 -1.26254142e-02  2.77813836e-02
  8.30671124e-03  2.56140706e-01 -2.33889837e-02 -2.59977635e-02
  4.20614166e-03  8.02683841e-02 -7.99184859e-03 -3.70525453e-02
 -2.80739677e-02 -3.42330514e-02 -1.63314748e-02 -1.26254142e-02
 -1.61949711e-02 -1.59235950e-02 -3.98033783e-02 -3.40271505e-02
  1.47564547e-02 -1.83565506e-01 -2.56279109e-02 -2.86750948e-02
 -2.00393266e-02 -4.22958663e-02 -1.33310747e-02 -1.33378644e-02
 -2.95412205e-02 -5.62595786e-02  9.82564644e-03 -7.83949353e-04
 -1.32780379e-02  2.04549235e-02  3.36231069e-01 -9.75207218e-02
 -4.69803073e-02 -8.99148098e-02  1.69339723e-02  1.06861652e-02
  2.97398245e-02  2.77813836e-02 -1.99100345e-02 -3.20897873e-02
 -6.89726795e-01 -1.51986866e-01  3.56819120e-03  2.70401003e-02
 -2.98251293e-02 -1.50110325e-02 -7.33548223e-02  6.86284236e-02
 -1.09409105e+00 -1.28233581e-02  1.03470545e+01 -9.05146816e+00
  1.11782714e+01  3.66159814e+00  6.80243873e+00 -1.74251353e-01
 -2.86471746e-04  1.92735279e-02  3.43181894e-02 -3.22607584e-02
 -1.85006231e-01 -1.39861211e-01 -1.49621953e-02  2.65599314e-02
 -3.03197596e-02  1.96587679e-03  9.14317173e-03  1.63794434e-02
  1.04222449e-05  7.88792572e-05 -4.21162933e-02 -4.84847162e-02
 -1.87679701e-02 -2.16718676e-02 -8.21949657e-01 -3.95251956e-01
  1.15039957e-02 -2.45557757e-02 -4.29940415e-01 -1.77175460e-01
  7.48658450e-02 -6.16832548e-01  1.78685324e-01  4.70676907e-02
 -2.00893026e-01  1.31547025e-01  7.59759749e-02 -4.86267765e-01
 -4.34289546e-01 -3.79297530e-01 -1.93474266e-02 -5.23935819e-02
 -3.19156181e-02 -9.95447406e-03 -4.45801928e-02 -2.68456947e-02
 -2.36665923e-02]
2	[-1.53830230e-01 -5.69679329e-02 -1.16555620e-01 -2.36392814e-01
 -1.13703343e-01 -2.33378236e-01 -2.49556484e-01 -2.18860086e-01
 -2.24564833e-01 -2.13023355e-01 -2.16881967e-02 -9.03633153e-02
  5.48912165e-03 -1.94140416e-01 -8.80069100e-02 -1.94737032e-01
  1.78421707e-02  1.80328468e-02 -1.29147789e-01 -1.23512127e-01
 -7.14540210e-02  6.87074102e-01 -6.17966026e+01 -8.88221795e+01
 -6.18141521e+01 -9.05229629e+01 -2.42182076e-01 -2.40117750e-01
 -1.97804838e-01 -8.86331273e+01 -8.89984778e+01 -8.28444861e-02
 -8.01458099e-02 -9.92427425e-02 -1.29481822e-01 -6.62849572e-02
 -1.17226873e-01 -1.44614090e-01 -2.04070317e-01 -9.20038419e-02
 -1.27807800e-01 -1.73250043e-01 -1.58574932e-01 -1.04436227e-01
 -1.04030154e-01 -1.04395420e-01 -1.97063863e-01 -1.69548692e-01
 -1.19271470e-01 -1.69732077e-01 -8.40112143e-02 -1.34704957e-01
 -1.41611709e-01  6.92546741e-02 -1.42915827e-01 -2.01282635e-01
 -1.06054807e-01 -8.42342309e-02 -5.17039359e-02 -9.07272336e-02
 -4.61629915e-02 -1.26677066e-01 -5.93617286e-02  1.48559352e-01
  6.52599588e-02  5.91743761e-02  1.36173898e-01 -8.78489086e-03
  1.56725123e-01  2.21164862e-01  2.17471884e-02 -1.56970995e-02
  4.88841362e-03 -1.60899905e-01  6.26007519e-02 -1.33280979e-02
 -1.33333728e-02  8.82984202e+01 -4.01927770e-02 -5.01431881e-02
 -3.08760124e-02 -1.45586400e-03 -4.58471379e-02  9.02657207e+01
 -3.44490559e-02 -6.17404330e-02 -1.32054174e-02 -8.84010801e+01
  1.38891032e-02 -2.23982935e-02  5.92665804e-01  0.00000000e+00
 -8.82999729e+01 -8.85622931e+01  2.37395271e-02 -5.72969506e-02
 -1.49716794e-02 -7.94980904e-02 -2.23982935e-02  1.38891032e-02
 -8.84010801e+01 -2.19269328e-01 -1.39861211e-01 -2.79530448e-02
 -8.44235142e-01 -7.35354650e-03 -1.58325321e-02 -1.29767236e-02
  3.43181894e-02  1.55183791e+01 -1.96827016e-01  6.59275480e+01
 -2.34721660e+00 -5.23765254e-01 -6.58277987e-02 -3.12477544e-01
 -4.18002116e-02  1.95883546e-01 -2.34843794e-02 -1.47982759e-02
 -3.57615217e-02 -1.65753993e-02 -3.04374306e-02 -5.60427596e-02
 -1.22215060e+00  1.62314496e-01 -2.34843794e-02 -2.62619944e-02
 -1.03994672e-02  9.46779445e-03 -6.01713993e-02 -3.82415875e-02
 -2.98469698e-02 -3.57615217e-02 -1.65753993e-02 -3.04374306e-02
 -1.62186732e-02 -1.60843593e-02 -4.22431315e-02 -3.90086922e-02
 -2.01637083e-02 -2.46823047e-01 -4.02296268e-02  8.82984192e+01
 -3.08760124e-02 -5.01435706e-02 -1.33285349e-02 -1.33338097e-02
  6.27957683e+01 -1.30185996e-01 -4.58367956e-02 -1.97638584e-03
 -1.42737712e-02  1.67653172e-02 -6.58277987e-02 -5.23765254e-01
 -1.82847697e-03 -8.08314032e-02  1.95884475e-01 -1.56541447e-02
 -1.07388392e-01 -5.60427596e-02  9.24080397e+01  8.61030640e+01
  3.90596099e-01 -1.34796484e-01 -9.13854641e+01  6.40906537e-01
  8.18310623e+01 -1.53590846e-02 -7.94980904e-02 -5.72969506e-02
  2.20038799e-01 -2.44194275e-02 -1.44380704e-01  1.40120883e-01
 -1.47028375e-01 -1.44259515e-01 -8.88015303e-02 -1.74251353e-01
  1.39648297e+01  6.59275480e+01  3.43181894e-02 -3.25359533e-02
 -2.19269328e-01 -1.39861211e-01 -1.49716794e-02  2.71934484e-02
 -3.83341031e-02 -5.34101838e-04  4.95561714e-03  1.46429972e-02
  6.04002931e-03  6.14940010e-03  2.91065695e-01  2.48777606e-01
 -3.50240429e-02 -2.19015354e-02 -2.88687954e-02 -4.82614128e-02
 -5.25314257e-02 -5.61076199e-02 -2.95179499e-01 -2.12376963e-01
 -1.78710936e-01 -2.21225070e-01 -2.27502696e-01 -1.76755139e-01
 -2.63424092e+00 -1.94654640e+00 -1.23691603e+00  1.30228891e-01
  2.04536789e-02 -3.18387362e-02 -1.57874714e-02 -5.23935819e-02
 -1.37847653e-02 -2.14382294e-02 -6.37513098e-02  3.78066558e-02
 -2.44906691e-02]
3	[-0.06519613 -0.02735753 -0.04293751 -0.12076578 -0.07817762 -0.12251762
 -0.14426085 -0.10629187 -0.08530052 -0.11864168 -0.01633605 -0.05102702
 -0.00232307 -0.10676882 -0.05123285 -0.10872339  0.01786121  0.0180517
 -0.08026249 -0.07586877 -0.01811416  0.00636852  0.03362138  0.02881897
  0.0341503   0.02609427 -0.12144844 -0.12604665 -0.10886961  0.02907587
  0.02897698 -0.07090895 -0.07582632 -0.08986668 -0.08402938 -0.01118789
 -0.08951558 -0.050032   -0.10461495 -0.08758133 -0.09065101 -0.1184781
 -0.1169988  -0.05868646 -0.07299844 -0.08633091 -0.11367725 -0.10945028
 -0.06503439 -0.09076454 -0.07557064 -0.09684794 -0.10911953  0.02051478
 -0.08813826 -0.11138606 -0.09537102 -0.049476   -0.04112452 -0.07869923
 -0.02939744 -0.06119133 -0.04163082  0.06141351  0.02131492  0.04767262
  0.07267334 -0.00099988  0.07170889  0.12857215  0.01971236 -0.01580424
  0.00520091 -0.09791494  0.00273958 -0.01332736 -0.01332581 -0.02888592
 -0.01577641 -0.01718925 -0.01076635 -0.03628088 -0.03930756 -0.02676404
 -0.03190057 -0.06252989 -0.01320388  0.0328269   0.00079145 -0.02483016
 -0.02196318  0.          0.03291975  0.03301847  0.02565301  0.00810653
 -0.01496346 -0.07509896 -0.02483016  0.00079145  0.0328269  -0.00250192
  0.00226129 -0.02199469  0.15610272 -0.02578747 -0.01652206 -0.01533698
  0.02225337 -0.00927282 -0.03065381 -0.03196906  0.02089046 -0.01549599
 -0.00089101 -0.02070102 -0.01731841  0.02110335 -0.02274888 -0.01475026
 -0.03573886 -0.01656804 -0.03043434 -0.01392811  0.00829319  0.0506071
 -0.02274888 -0.01940086  0.0006692   0.06317124 -0.02765543 -0.0382176
 -0.02983154 -0.03573886 -0.01656804 -0.03043434 -0.01621091 -0.01606984
 -0.04223171 -0.03900306 -0.01757057 -0.10041062 -0.01581343 -0.02888516
 -0.01076635 -0.01718964 -0.0133278  -0.01332624 -0.02969946 -0.03378612
  0.01902372  0.00612156 -0.01371925  0.01850985 -0.00089101 -0.01549599
 -0.00935511 -0.08936839  0.02110428 -0.01518285 -0.0200625  -0.01392811
 -0.02159873 -0.03147947  0.10982899 -0.03180176  0.00490131  0.02553245
 -0.02932676 -0.01517832 -0.07509896  0.00810653  0.04120571 -0.02277688
 -0.11238423  0.10965677 -0.11314376 -0.09285332 -0.06593356 -0.0670208
 -0.01295865 -0.03196906  0.02225337 -0.02197509 -0.00250192  0.00226129
 -0.01496346  0.02718401 -0.02881778  0.00211572  0.00871788  0.0159083
 -0.00548193 -0.00552059 -0.04073767 -0.04563172 -0.02228181 -0.02161164
 -0.01011313  0.0945399   0.08017645  0.00821018  0.0514779   0.04884015
  0.03423375  0.03948532  0.02837674  0.02318747  0.0513411   0.05285386
  0.02236791 -0.0033457  -0.00174594 -0.00644174 -0.01883544 -0.02767223
 -0.02764185 -0.00631061 -0.03978071 -0.02198819 -0.02024417]
4	[ 2.52410064e+00 -3.03701780e-02 -4.71150495e-02  1.03841729e+01
 -1.31211364e-01  1.31886804e+01  1.03337364e+01  1.14042025e+01
 -2.24469159e-01  1.22250707e+01  1.21094019e+00  4.08657974e+00
  9.21343624e-02  8.87174988e+00  1.56766806e+01  8.39440106e+00
  1.78762052e-02  1.80666692e-02  2.67255919e+00  2.62958943e+00
  4.28069839e-02  6.52333855e-01  3.43260412e-02  2.99492988e-02
  3.47217544e-02  2.67662770e-02  8.69764782e+00  1.16615029e+01
  9.03718209e+00  3.03278772e-02  2.98224022e-02  1.30137235e+01
  1.61399682e+01  1.86045505e+01  5.51985434e+00 -6.62849572e-02
  1.50219534e+01  3.03321526e-01  5.23370803e+00  5.59569056e+00
 -1.27807800e-01  7.78859117e-01  1.79920218e+01  7.38797903e+00
  2.18189911e+00  2.04604272e+01  1.29107750e+01  1.69170866e+01
 -1.19271470e-01 -1.69732077e-01  2.17092155e+01  3.66423010e-01
  1.84764582e+01 -5.58473096e+00  9.83013212e+00  1.38232678e+01
  1.96149812e+01  6.83769564e-02  7.87800759e-03  2.12066706e+01
  4.76947290e-01  4.00503511e+00  5.43489821e-01 -1.19895587e-01
 -2.44857702e+00 -1.48368552e+01 -1.05485601e+01  4.26022281e+00
 -1.10212537e+01 -8.13854420e+00  2.07963534e+00  5.06526483e-02
  3.75418645e-01  4.33176733e+00  1.30319801e-01 -1.33318385e-02
 -1.33386840e-02 -2.89760367e-02 -2.92376421e-02  3.65613196e-03
  1.89136865e-02  1.21892648e-01 -6.04429658e-02 -2.67725173e-02
 -3.13597761e-02 -5.81598331e-02 -1.32094694e-02  3.39572692e-02
  1.38891032e-02 -3.50039857e-02  5.61283021e-01  0.00000000e+00
  3.41365794e-02  3.38628098e-02  3.63451215e-02  7.94372067e-02
 -1.49619907e-02 -7.45980472e-02 -3.50039857e-02  1.38891032e-02
  3.39572692e-02 -2.14841518e-01 -1.39861211e-01 -2.44445158e-02
 -7.91822235e-01 -3.36417076e-02 -1.67119121e-02 -1.56266223e-02
  3.43181894e-02 -3.21396315e-03  0.00000000e+00 -3.83719461e-03
  0.00000000e+00 -1.37452555e-01  1.36502307e-01  7.00033957e-02
 -1.08419053e-02  1.69330459e-02 -2.33864093e-02 -1.46679652e-02
 -3.57536973e-02 -1.65638144e-02 -3.04224884e-02 -2.69251198e-02
  8.29623264e-03  2.17021712e-01 -2.33864093e-02 -2.55936963e-02
  4.34782481e-03  7.03222645e-02 -4.87089408e-02 -3.82368437e-02
 -2.98361189e-02 -3.57536973e-02 -1.65638144e-02 -3.04224884e-02
 -1.61778873e-02 -1.59291689e-02 -4.22352935e-02 -3.89991245e-02
  1.68421089e-01  6.86611306e+00 -2.92745695e-02 -2.89752856e-02
  1.89136865e-02  3.65575046e-03 -1.33322754e-02 -1.33391210e-02
 -3.01261295e-02 -8.80501301e-02  2.31439318e-02  7.76193761e-03
 -1.32190014e-02  1.92141758e-02  1.36502307e-01 -1.37452555e-01
 -3.86727634e-02 -9.10625946e-02  1.69339723e-02 -1.63083980e-02
 -1.09419006e-02 -2.69251198e-02 -2.01099700e-02 -3.20897873e-02
 -6.29623239e-01 -1.78001418e-01  2.76125708e-03  3.02982766e-02
 -2.97248772e-02 -1.49093170e-02 -7.45980472e-02  7.94372067e-02
 -5.71777443e-01  7.45205021e-03  2.02343272e+01 -1.91114971e+01
  1.96312239e+01  6.11239983e+00  5.82747190e+00 -1.74251353e-01
 -7.50967958e-03 -3.83719461e-03  3.43181894e-02 -3.15382349e-02
 -2.14841518e-01 -1.39861211e-01 -1.49619907e-02  2.71925671e-02
 -3.03602962e-02  1.38086710e-03  8.20774556e-03  1.52484344e-02
 -1.21280484e-02 -1.19844845e-02 -4.71337172e-02 -5.14223105e-02
  7.46869955e-02 -2.14974170e-02 -1.87045013e-04 -2.49123838e-01
  4.08437393e-03 -2.97420129e-02 -7.80710627e-01 -9.33942830e-01
 -9.21672727e-01 -3.97142199e-01  5.48888822e-01  1.78805913e-01
 -7.07784443e-02  1.14559339e-01  6.91639705e-02 -3.25724955e-01
  1.87952350e+00  2.24189169e+00 -1.91200899e-02 -5.23935819e-02
 -3.16871424e-02 -9.54469029e-03 -4.38604890e-02 -2.68456947e-02
 -2.30719280e-02]
5	[-7.58529935e-02 -2.57539140e-02 -1.16555620e-01  7.95486737e-02
 -1.31211364e-01  1.22065031e-01  6.45974644e-02  1.28178954e-01
 -2.24469159e-01  1.91516368e-01  8.01074370e-03  1.08524454e-01
 -6.87193429e-02  1.52247860e-01 -8.80069100e-02  1.50153917e-01
  1.78740884e-02  1.80647492e-02 -1.28635795e-01 -1.27331986e-01
 -7.14268008e-02  6.87074102e-01  3.38140907e-02  3.02501477e-02
  3.45369911e-02  2.73895096e-02  3.88302239e-02  1.46990016e-01
  1.57735593e-01  3.06285835e-02  3.01233970e-02  1.02557317e-01
 -8.00893871e-02 -9.84681835e-02 -1.29588454e-01 -6.62849572e-02
 -1.15719982e-01 -1.05466965e-01 -2.60135314e-02 -8.32515059e-02
 -8.99786583e-02 -1.67763288e-01  2.25378253e-01 -1.04598580e-01
 -1.03270801e-01 -6.95204808e-02  1.58959469e-01  1.79820006e-01
 -1.19271470e-01 -8.89662386e-03  4.28207867e-01 -1.24975753e-01
  2.49967709e-01  3.33307791e-01  9.30412519e-02  9.29631816e-02
  3.68389851e-01 -8.18461460e-02 -5.13268110e-02 -5.28715051e-02
 -3.35125200e-02 -1.43623793e-01 -2.36371873e-02  9.54342447e-02
 -3.42735394e-03  2.82175339e-03  4.55860042e-02 -8.02890511e-02
  1.03913489e-01 -6.25434112e-02  6.27437499e-03 -1.75215110e-02
  2.82587745e-03  7.28379503e-02  2.92397143e-02 -1.33309454e-02
 -1.33375988e-02 -2.93036405e-02 -2.95095990e-02 -4.26926439e-02
 -5.47212703e-03 -1.63593687e-01 -7.19182061e-02 -2.80815395e-02
  3.63802642e+00 -1.12495361e-01 -1.32116472e-02  3.42567084e-02
  1.38891032e-02 -3.08352858e-02  5.92665804e-01  0.00000000e+00
  3.43320152e-02  3.41623790e-02  3.21764539e-02  2.66798510e-02
 -1.49608288e-02 -7.40914975e-02 -3.08352858e-02  1.38891032e-02
  3.42567084e-02 -2.19233374e-01 -1.39861211e-01 -2.62207801e-02
 -7.81985064e-01 -3.53020681e-02 -1.67615226e-02 -1.56893621e-02
  3.43181894e-02 -1.27331264e-02  0.00000000e+00 -3.74776257e-02
  0.00000000e+00 -2.20243204e-01  1.00987097e-01  9.74641490e-02
 -9.03757861e-03  1.69330459e-02 -2.33238779e-02 -1.46539483e-02
  3.87052435e+01  5.36276969e+01  5.02210302e+01 -5.60326030e-02
  8.30480080e-03  1.84198837e-01 -2.33238779e-02 -4.99710763e-02
  3.21807844e-03  7.93753739e-02 -4.24735557e-02  2.79517675e+01
  4.63163789e+01  3.87052435e+01  5.36276969e+01  5.02210302e+01
 -1.61979068e-02 -1.59977530e-02  4.06636619e+01  3.80547141e+01
 -1.77658298e-02 -2.23564956e-01 -2.95465244e-02 -2.93028894e-02
 -5.47212703e-03 -4.26930262e-02 -1.33313823e-02 -1.33380357e-02
 -2.86933972e-02 -3.31796004e-02  4.05760628e-02  1.26147343e-02
 -1.30283475e-02  1.88556659e-02  1.00987097e-01 -2.20243204e-01
 -3.98923179e-02 -7.98939957e-02  1.69339723e-02 -1.48693090e-02
 -1.07388392e-01 -5.60326030e-02 -2.07806278e-02 -3.20897873e-02
 -6.18005589e-01 -1.42475460e-01  3.43756744e-03  2.42548544e-02
 -2.99000303e-02 -1.52195077e-02 -7.40914975e-02  2.66798510e-02
 -4.29345967e-01 -2.32989058e-02  2.81624506e-01  9.41377752e-02
  2.83004465e-01 -1.44354053e-01 -8.89139657e-02 -1.74251353e-01
 -1.60787085e-02 -3.74776257e-02  3.43181894e-02 -3.25372415e-02
 -2.19233374e-01 -1.39861211e-01 -1.49608288e-02 -6.46114929e+00
 -2.89768369e-02  1.88133896e-03  8.74873343e-03  1.58776413e-02
 -6.63277441e-03 -6.50901957e-03 -4.38540185e-02 -4.97573456e-02
 -3.50240429e-02 -2.16140741e-02 -7.23478396e-03 -1.55725624e-01
  1.63810512e-01  9.67514023e-02 -1.49494039e-01  9.22697478e-02
  7.97888624e-02 -3.93295729e-01  4.84284330e-01  6.59656285e-01
  1.93002903e-02  8.30227112e-02  5.34040823e-02  2.28844133e-02
  1.27514461e-02 -1.03501163e-01 -1.95314751e-02 -5.23935819e-02
 -2.76739090e-02 -8.19422279e-03 -4.39402108e-02 -2.68456947e-02
 -1.77812824e-02]
6	[-0.14585072  0.10744235 -0.1103737  -0.22463597 -0.10187586 -0.2208581
 -0.23207506 -0.21563486 -0.19810716 -0.208385   -0.02139086 -0.09435868
  0.00288761 -0.19194782 -0.07244808 -0.19078233 -0.07693729 -0.07675464
 -0.10463377 -0.09924608 -0.03936727 -0.13336831 -0.07020985 -0.07056336
 -0.07250657 -0.05786066 -0.23228154 -0.23097429 -0.1959147  -0.07249575
 -0.07117437 -0.08224112 -0.04799046 -0.08048185 -0.12330391 -0.06192849
 -0.11397619 -0.1308486  -0.19557312  0.13960061 -0.12091319 -0.10268131
 -0.15293502 -0.10055965 -0.09964876 -0.10218469 -0.16359703 -0.16022547
 -0.1064375  -0.15877933 -0.08275881 -0.08429823 -0.13745248  0.06583016
 -0.14576157 -0.18800312 -0.10328852 -0.07708542 -0.06811075 -0.08922587
 -0.04387931 -0.11249799 -0.05723201  0.13333452  0.06016703  0.05437186
  0.12437677 -0.00685917  0.13025636  0.20666658  0.01783984 -0.01570091
  0.00426197 -0.15616791  0.01775587  0.05664397  0.05663962  0.06685735
 -0.0138598  -0.00468897 -0.027011    0.17316568  0.16373351  0.06009452
 -0.03318495  0.24055941  0.05612655 -0.08760399 -0.0496256   0.11037824
  0.01286888  0.         -0.08865106 -0.08827359 -0.11067922 -0.09883956
  0.06360319 -0.08458536  0.11037824 -0.0496256  -0.08760399 -0.06877955
 -0.07788697  0.06845743 -0.34807665 -0.00773882 -0.01519058 -0.01437184
 -0.09912276  0.04907131  0.06940261  0.10723887 -0.13390665  0.01221868
 -0.05919904  0.02237781  0.06788317 -0.08206371 -0.05105806  0.06265572
 -0.03159349 -0.0248642  -0.02801367 -0.00366466  0.00718642 -0.2166583
 -0.05105806 -0.02916433 -0.06002431 -0.2712659   0.10764325 -0.03046169
 -0.05360595 -0.03159349 -0.0248642  -0.02801367  0.06890008  0.06809375
 -0.03170879 -0.03076558 -0.01986152 -0.22858082 -0.01389684  0.0668581
 -0.027011   -0.00468935  0.05664354  0.05663918  0.04671248  0.10985202
 -0.02735642  0.00527657 -0.01853652  0.0129284  -0.05919904  0.01221868
  0.04930882 -0.08003316 -0.08206465  0.05828897 -0.066206   -0.00366466
  0.03724325  0.08324602 -0.28787147  0.14988207  0.02722976  0.00697157
  0.0765611   0.02501877 -0.08458536 -0.09883956  0.06057059 -0.02475957
 -0.13876963  0.13552228 -0.14068929 -0.13733525 -0.08558741 -0.13036057
  0.03956666  0.10723887 -0.09912276  0.09174431 -0.06877955 -0.07788697
  0.06360319 -0.03570096  0.10282031 -0.04874247 -0.06254229 -0.06836939
 -0.04007647 -0.04047618  0.12727478  0.18012409 -0.03129313 -0.02167078
 -0.02271897 -0.44618903 -0.40051024 -0.12381717 -0.21994483 -0.17644207
 -0.13263591 -0.15755306 -0.18313036 -0.13481048 -0.28147696 -0.2977319
 -0.19866575 -0.06159477 -0.0767422  -0.06280465  0.00361795  0.04696446
  0.03422246  0.02782687  0.02553831  0.09063198  0.08042942]
7	[ 4.41377493e-01 -1.60534484e-02  3.32516796e-01  6.80707691e-01
  4.79722798e-01  6.33744651e-01  7.76904396e-01  6.23036392e-01
  6.38562922e-01  6.52648876e-01  8.60487671e-02  3.21111685e-01
  1.23305178e-04  6.15848097e-01  1.46408626e-01  6.29009944e-01
  1.91574169e-02  1.80803578e-02  3.41607322e-01  3.18560448e-01
  5.77384190e-02  1.11262535e-01  3.39359095e-02  2.94039337e-02
  3.45464474e-02  2.64949257e-02  7.37154654e-01  7.26214473e-01
  6.24606343e-01  3.05702010e-02  2.96196221e-02  1.94097408e-01
  1.97781660e-01  2.33985252e-01  4.21248432e-01  1.31885156e-01
  2.05797129e-01  3.83719393e-01  6.59356722e-01  5.74641082e-02
  4.88611103e-01  3.02596378e-01  3.60683324e-01  2.47777725e-01
  2.78263378e-01  1.42063840e-01  4.70552049e-01  3.57538134e-01
  4.27274195e-01  5.99736418e-01  6.46006319e-02  1.64267537e-01
  2.83813971e-01 -1.46614546e-01  4.53152987e-01  5.50212978e-01
  1.55072656e-01  2.28027705e-02 -2.70735230e-02  9.02104108e-02
  1.80864788e-01  3.72871132e-01  2.57888980e-01 -4.31710596e-01
 -1.68914104e-01 -1.76156581e-01 -4.24291352e-01 -2.17934593e-02
 -4.11369663e-01 -7.07500415e-01 -1.30441602e-01  8.95603868e-02
 -5.17984291e-02  4.92129042e-01 -3.96295215e-02 -1.33262772e-02
 -1.33271024e-02 -2.83969209e-02 -1.25201800e-03 -1.19821603e-02
 -3.50789737e-02 -5.93711558e-02 -3.47342415e-02 -2.62376483e-02
  1.69526002e-01 -3.42108419e-02 -1.32037940e-02  3.31059682e-02
  5.93939935e-02 -3.00923932e-02  5.38719263e-02  0.00000000e+00
  3.39502333e-02  3.32354208e-02  2.71605070e-02  8.71812206e-02
 -1.49602208e-02  4.40632419e-01 -3.00923932e-02  5.93939935e-02
  3.31059682e-02  6.04449506e-02  9.76516948e-02 -2.31249817e-02
 -2.05403074e-01  1.23846684e-01  9.25827680e-02  8.62620725e-02
  2.73382184e-02 -3.37476465e-02  4.62127282e-02 -4.64505813e-02
  8.51327211e-02  5.35536253e-02  5.24479660e-02  5.44546629e-02
 -1.07687181e-02  1.14884362e-02  1.66249703e-01 -1.47035738e-02
  1.10925166e-01 -1.61334613e-02  5.65461264e-02  9.38853791e-03
  5.13816075e-02  4.41419305e-02  1.66249703e-01  1.23692659e-01
  3.73820725e-03  6.61949601e-02 -1.55494419e-02  1.44821045e-01
  9.57984480e-02  1.10925166e-01 -1.61334613e-02  5.65461264e-02
 -1.62009956e-02 -1.58096614e-02  1.35484701e-01  1.25781932e-01
  1.27976111e-04  7.01227669e-01 -1.04008772e-03 -2.84012036e-02
 -3.50789737e-02 -1.19799830e-02 -1.33237843e-02 -1.33246094e-02
 -2.28165173e-02  9.63343897e-03 -3.25566063e-02 -4.87098331e-02
  8.44314966e-02 -9.86158919e-02  5.24479660e-02  5.35536253e-02
 -1.77292449e-02  4.98140615e-01  1.14855353e-02 -6.46315529e-03
  7.18575467e-02  9.38853791e-03 -2.16380733e-02 -3.17714172e-02
 -8.03106834e-02 -4.36649378e-02  1.24774367e-02 -1.22553612e-01
 -2.95518645e-02  3.52737403e-02  4.40632419e-01  8.71812206e-02
 -2.21378522e-01  1.32146629e-01  3.00025281e-01 -3.22690735e-01
  2.89391103e-01  4.60006581e-01  2.00820189e-01  4.69362170e-01
 -4.06836436e-03 -4.64505813e-02  2.73382184e-02 -2.06970799e-02
  6.04449506e-02  9.76516948e-02 -1.49602208e-02 -6.00942335e-02
 -3.65050272e-03  5.38029348e-02  4.12398640e-02  1.67368339e-02
  7.37973476e-02  7.45463866e-02  1.78062737e-02 -2.82868178e-02
  1.38316500e-01  1.23409432e-01  9.32496000e-02  1.75428802e-01
  1.64185094e-01  1.28051056e-01  8.24725389e-02  3.56238010e-02
  3.47715566e-02  5.95896685e-02  8.81297590e-02  5.99891894e-02
  1.57152492e-01  1.51165939e-01  1.56031783e-01  1.06514032e-01
  9.61752084e-02  9.34640887e-02  7.87928404e-02  6.35816252e-02
  7.89517982e-02 -7.41964470e-03  1.43815746e-01 -1.81931078e-02
 -1.29310573e-02]
