0	[-1.08413533e-01 -2.53015102e-02 -8.07943251e-02 -1.70659194e-01
 -1.12299014e-01 -1.94382414e-01 -2.06266855e-01 -9.53113248e-02
 -1.58476002e-03  4.72861544e-02 -1.93493242e-02 -6.93064475e-02
 -1.84199643e-01 -4.81520337e-02 -5.44652806e-02  1.17387569e-01
  1.78338609e-02  1.80242606e-02  2.44860994e-02  3.97306889e-02
  4.70516943e+00  8.16386622e-02  3.32971126e-02  2.83785923e-02
  3.38837583e-02  2.56251461e-02 -9.81030509e-02  4.80468949e-02
 -5.22580058e-02  2.85640471e-02  2.86411655e-02 -6.94048895e-02
 -4.35305453e-02 -6.86472780e-02 -9.63080593e-02 -5.92046793e-02
 -8.09692010e-02  3.04928399e-02 -1.11938374e-01 -7.24716428e-02
 -1.16527388e-01  6.76122434e-01 -8.80746965e-02 -7.51185563e-02
 -3.74174592e-02 -6.63907443e-02 -4.91149638e-02 -3.57055040e-02
 -1.00015576e-01  1.68071673e-02 -4.58345102e-02  7.49078685e-01
 -7.76507655e-02  5.42220206e-02 -3.39538552e-02 -6.77422672e-02
 -5.54210479e-02  9.13812042e-01  9.24239254e-01 -5.83946302e-02
 -2.75253007e-02 -7.45048755e-02 -5.26029568e-02  1.91568520e-03
  2.36001324e-01 -1.01339085e-01  9.89288746e-02 -1.63299956e-02
  7.09183190e-02 -2.32208991e-01  9.60125753e-03 -1.50111934e-02
  6.81068482e-03 -2.16659453e-01 -4.39716277e-02 -1.33309106e-02
 -1.33357802e-02 -2.87948292e-02 -2.91962477e-03 -2.87200174e-02
  8.61551187e-01  6.56754829e+00  3.80749515e-01 -2.66879402e-02
 -3.07924779e-02  1.42085727e-01 -1.32077473e-02  3.23820452e-02
 -1.91218874e-03 -2.73468101e-02  7.04331125e-02  0.00000000e+00
  3.24294726e-02  3.26921346e-02  2.78756842e-02  1.27515349e-02
 -1.49644253e-02 -7.49123280e-02 -2.73468101e-02 -1.91218874e-03
  3.23820452e-02  1.09129393e+01 -9.28805707e-02 -2.52285397e-02
 -2.92518879e-01 -2.03022649e-02 -1.65261160e-02 -1.52239873e-02
  2.91908144e-02 -9.87924217e-03 -9.09688280e-03 -3.36400904e-02
 -1.58325474e-02  2.73363294e-01  7.44136238e-02  1.62925582e-01
 -6.04901457e-03  1.34483300e-02 -3.69204075e-02 -1.47535542e-02
 -3.57585155e-02 -1.65726096e-02 -3.04375054e-02  3.54907982e+00
  8.29277422e-03 -9.88683782e+00 -3.69204075e-02 -2.72690171e-02
  2.89878378e-02  6.40988072e-02  4.18656924e+00 -3.82387231e-02
 -2.98490621e-02 -3.57585155e-02 -1.65726096e-02 -3.04375054e-02
 -1.62058915e-02 -1.60595611e-02 -4.22407854e-02 -3.90069272e-02
 -1.91228590e-02 -1.67286792e-01 -2.95673862e-03 -2.87940780e-02
  8.61551187e-01 -2.87203995e-02 -1.33313475e-02 -1.33362171e-02
 -2.92612884e-02  2.47136375e-01  1.93832296e+00  4.95734386e-03
 -1.39701991e-02  1.74687663e-02  7.44136238e-02  2.73363294e-01
  1.84988695e-01 -8.99968506e-02  1.34492564e-02  4.69921641e-02
  5.14131184e+00  3.54907982e+00 -2.17217161e-02 -3.12872803e-02
  1.94732006e-01  1.02827269e+01  7.31427911e-03 -4.65856928e-02
 -2.92136884e-02 -1.52236570e-02 -7.49123280e-02  1.27515349e-02
 -1.55188559e-02 -2.21111917e-02 -6.60019419e-02  5.55564003e-02
 -5.69533409e-02 -1.04421759e-01 -6.39970536e-02 -1.50564999e-01
 -1.35096784e-02 -3.36400904e-02  2.91908144e-02  7.72568811e+00
  1.09129393e+01 -9.28805707e-02 -1.49644253e-02  2.71908039e-02
 -2.83555641e-02 -7.01283179e-03 -7.78998183e-03  1.09535040e-02
 -5.79834348e-02 -5.78909722e-02 -3.86507759e-02 -4.19156986e-02
  4.08910795e+00 -2.15125903e-02  3.60318632e-02 -8.50299268e-02
 -5.80770329e-02 -4.62907755e-02 -4.99557093e-01 -8.13348455e-01
 -8.99051346e-01 -3.35441680e-01 -2.21574080e-02 -9.35652617e-02
 -9.57545412e-02  1.32626086e-01  1.63706711e-01 -7.22462847e-02
  8.15276001e-03  1.68598512e-01 -1.75448807e-02 -5.44702947e-02
 -2.44120048e-02 -8.19280311e-03 -3.75288617e-02 -2.25410411e-03
 -2.12879150e-02]
1	[-0.10974204  0.01046122 -0.08211224 -0.17056673 -0.09207276 -0.1684821
 -0.17060861 -0.16514858 -0.12217295 -0.17042067 -0.0226485  -0.04917026
  0.00429708 -0.1544071  -0.03922536 -0.15396787 -0.01529121 -0.01545979
 -0.07948486 -0.07419652 -0.01251564  0.06518551  0.018987    0.02146923
  0.0192595   0.01932938 -0.17481682 -0.18068243 -0.15574619  0.02153939
  0.02153104 -0.05495589 -0.03769971 -0.05585995 -0.08841044 -0.04673019
 -0.08507808 -0.07658225 -0.15491773 -0.01439928 -0.09131954 -0.07109631
 -0.11140309 -0.07944684 -0.06884154 -0.07326914 -0.1242669  -0.11505502
 -0.0678694  -0.10846034 -0.06330805 -0.05438713 -0.10188998  0.04986184
 -0.11569362 -0.13262127 -0.08029959 -0.06414612 -0.04641876 -0.06661182
 -0.03306293 -0.08680534 -0.03883746  0.08672494  0.05480191  0.02482209
  0.06961186 -0.01325429  0.11548348  0.1437735   0.01318606  0.01838029
 -0.017899   -0.12857779  0.02972891 -0.01332754 -0.01332905 -0.02014607
 -0.01272172 -0.01466609 -0.01991448 -0.00860763 -0.01295371 -0.01644369
 -0.02686296 -0.02079244 -0.01320402  0.0232856  -0.01715698 -0.02960866
  0.0611643   0.          0.02335432  0.02346053  0.02935505  0.00576025
 -0.01495736 -0.0740879  -0.02960866 -0.01715698  0.0232856  -0.05833772
 -0.05395501 -0.02051455 -0.1346238  -0.00843225 -0.00078335 -0.00069922
  0.01853727 -0.01021017  0.00192144 -0.02793022 -0.01554733 -0.06476735
  0.01041595 -0.03708676 -0.01807792 -0.02449878 -0.00248124 -0.01474397
 -0.03174391 -0.01707594 -0.02981626  0.00937177  0.01001777  0.02521136
 -0.00248124  0.0117953  -0.00795762  0.01267735  0.01420039 -0.03283761
 -0.03576675 -0.03174391 -0.01707594 -0.02981626 -0.01366454 -0.01286562
 -0.04027042 -0.03812608 -0.01852128 -0.14718498 -0.01275877 -0.02014531
 -0.01991448 -0.01466647 -0.01332798 -0.01332949 -0.02250607 -0.01883493
 -0.00632848  0.00722885  0.01226105 -0.01421771  0.01041595 -0.06476735
 -0.01697568 -0.0395588  -0.02449785 -0.00857368  0.00651613  0.00937177
 -0.01691525 -0.02334371 -0.21663845 -0.02382478  0.00902468 -0.01302914
 -0.0235434  -0.00106262 -0.0740879   0.00576025 -0.0279606  -0.01435953
 -0.09959935  0.0901648  -0.0997125  -0.09969187 -0.0675286  -0.11115441
 -0.01380903 -0.02793022  0.01853727 -0.01781702 -0.05833772 -0.05395501
 -0.01495736  0.02414948 -0.00809698  0.00316769  0.00844353  0.01382695
 -0.01902074 -0.01900523 -0.0297337  -0.03373969 -0.00423104 -0.02179288
 -0.01179394  0.06251068 -0.01480423 -0.03094561 -0.16324016 -0.20043159
 -0.1694482  -0.23020205 -0.19153694 -0.16837865 -0.00989584 -0.08442868
 -0.08168594  0.17171684  0.14528154  0.07428662 -0.01245969 -0.00969512
 -0.01534195  0.00535843 -0.0265166  -0.01478477 -0.01615646]
2	[-1.53830230e-01 -5.69679329e-02 -1.16555620e-01 -2.36392814e-01
 -1.13703343e-01 -2.33378236e-01 -2.49556484e-01 -2.18860086e-01
 -2.24564833e-01 -2.13023355e-01 -2.16881967e-02 -9.03633153e-02
  5.48912165e-03 -1.94140416e-01 -8.80069100e-02 -1.94737032e-01
  1.78421707e-02  1.80328468e-02 -1.29147789e-01 -1.23512127e-01
 -7.14540210e-02  6.87074102e-01 -6.17966026e+01 -8.88221795e+01
 -6.18141521e+01 -9.05229629e+01 -2.42182076e-01 -2.40117750e-01
 -1.97804838e-01 -8.86331273e+01 -8.89984778e+01 -8.28444861e-02
 -8.01458099e-02 -9.92427425e-02 -1.29481822e-01 -6.62849572e-02
 -1.17226873e-01 -1.44614090e-01 -2.04070317e-01 -9.20038419e-02
 -1.27807800e-01 -1.73250043e-01 -1.58574932e-01 -1.04436227e-01
 -1.04030154e-01 -1.04395420e-01 -1.97063863e-01 -1.69548692e-01
 -1.19271470e-01 -1.69732077e-01 -8.40112143e-02 -1.34704957e-01
 -1.41611709e-01  6.92546741e-02 -1.42915827e-01 -2.01282635e-01
 -1.06054807e-01 -8.42342309e-02 -5.17039359e-02 -9.07272336e-02
 -4.61629915e-02 -1.26677066e-01 -5.93617286e-02  1.48559352e-01
  6.52599588e-02  5.91743761e-02  1.36173898e-01 -8.78489086e-03
  1.56725123e-01  2.21164862e-01  2.17471884e-02 -1.56970995e-02
  4.88841362e-03 -1.60899905e-01  6.26007519e-02 -1.33280979e-02
 -1.33333728e-02  8.82984202e+01 -4.01927770e-02 -5.01431881e-02
 -3.08760124e-02 -1.45586400e-03 -4.58471379e-02  9.02657207e+01
 -3.44490559e-02 -6.17404330e-02 -1.32054174e-02 -8.84010801e+01
  1.38891032e-02 -2.23982935e-02  5.92665804e-01  0.00000000e+00
 -8.82999729e+01 -8.85622931e+01  2.37395271e-02 -5.72969506e-02
 -1.49716794e-02 -7.94980904e-02 -2.23982935e-02  1.38891032e-02
 -8.84010801e+01 -2.19269328e-01 -1.39861211e-01 -2.79530448e-02
 -8.44235142e-01 -7.35354650e-03 -1.58325321e-02 -1.29767236e-02
  3.43181894e-02  1.55183791e+01 -1.96827016e-01  6.59275480e+01
 -2.34721660e+00 -5.23765254e-01 -6.58277987e-02 -3.12477544e-01
 -4.18002116e-02  1.95883546e-01 -2.34843794e-02 -1.47982759e-02
 -3.57615217e-02 -1.65753993e-02 -3.04374306e-02 -5.60427596e-02
 -1.22215060e+00  1.62314496e-01 -2.34843794e-02 -2.62619944e-02
 -1.03994672e-02  9.46779445e-03 -6.01713993e-02 -3.82415875e-02
 -2.98469698e-02 -3.57615217e-02 -1.65753993e-02 -3.04374306e-02
 -1.62186732e-02 -1.60843593e-02 -4.22431315e-02 -3.90086922e-02
 -2.01637083e-02 -2.46823047e-01 -4.02296268e-02  8.82984192e+01
 -3.08760124e-02 -5.01435706e-02 -1.33285349e-02 -1.33338097e-02
  6.27957683e+01 -1.30185996e-01 -4.58367956e-02 -1.97638584e-03
 -1.42737712e-02  1.67653172e-02 -6.58277987e-02 -5.23765254e-01
 -1.82847697e-03 -8.08314032e-02  1.95884475e-01 -1.56541447e-02
 -1.07388392e-01 -5.60427596e-02  9.24080397e+01  8.61030640e+01
  3.90596099e-01 -1.34796484e-01 -9.13854641e+01  6.40906537e-01
  8.18310623e+01 -1.53590846e-02 -7.94980904e-02 -5.72969506e-02
  2.20038799e-01 -2.44194275e-02 -1.44380704e-01  1.40120883e-01
 -1.47028375e-01 -1.44259515e-01 -8.88015303e-02 -1.74251353e-01
  1.39648297e+01  6.59275480e+01  3.43181894e-02 -3.25359533e-02
 -2.19269328e-01 -1.39861211e-01 -1.49716794e-02  2.71934484e-02
 -3.83341031e-02 -5.34101838e-04  4.95561714e-03  1.46429972e-02
  6.04002931e-03  6.14940010e-03  2.91065695e-01  2.48777606e-01
 -3.50240429e-02 -2.19015354e-02 -2.88687954e-02 -4.82614128e-02
 -5.25314257e-02 -5.61076199e-02 -2.95179499e-01 -2.12376963e-01
 -1.78710936e-01 -2.21225070e-01 -2.27502696e-01 -1.76755139e-01
 -2.63424092e+00 -1.94654640e+00 -1.23691603e+00  1.30228891e-01
  2.04536789e-02 -3.18387362e-02 -1.57874714e-02 -5.23935819e-02
 -1.37847653e-02 -2.14382294e-02 -6.37513098e-02  3.78066558e-02
 -2.44906691e-02]
3	[ 1.26415869e+00 -3.04221171e-02 -8.26344766e-03  5.16672666e+00
 -1.31211364e-01  7.14955510e+00  5.88588342e+00  4.28648493e+00
 -2.24469159e-01  4.86073243e+00  5.02454586e-01  9.47627145e-01
  3.16128535e-01  3.39826529e+00  6.99847449e+00  3.15138141e+00
  1.78708018e-02  1.80613366e-02  5.81694359e+00  5.70083959e+00
  1.64717681e-02  6.13779077e-01  3.38945699e-02  2.95184472e-02
  3.44348799e-02  2.77180751e-02  3.47464172e+00  4.47793067e+00
  3.62240873e+00  2.98972299e-02  2.95381968e-02  8.61733650e+00
  7.41443260e+00  1.02085609e+01  4.35053643e+00 -6.62849572e-02
  1.29624318e+01  2.56222421e-01  1.97554786e+00  5.87312700e+00
  2.18241077e+00  1.91633510e-01  1.28162905e+01  5.67280288e+00
  5.27177410e+00  1.36032552e+01  9.15188404e+00  1.17582629e+01
 -1.19271470e-01  2.00981781e-01  1.37894194e+01  8.42124425e-02
  1.36183411e+01 -1.39368163e+00  4.61868695e+00  6.84640213e+00
  1.43472277e+01 -4.99549567e-02 -1.51698280e-02  1.36892882e+01
  1.98553411e-01  1.78755737e+00  3.40058569e-01 -4.34980000e-01
 -1.36062899e-01 -3.70936323e+00 -2.20627565e+00  1.49235208e+00
 -3.01773107e+00 -4.10210957e+00  8.96386789e-01  8.48530148e-03
  6.99189958e-01  4.88799490e+00  2.26533558e-01 -1.33311541e-02
 -1.33381018e-02 -2.86486495e-02 -2.54434316e-02 -3.32684625e-02
 -1.49873515e-02 -4.33514515e-02 -4.10810229e-02 -2.64452321e-02
  1.86692084e-01  7.79942133e-02 -1.32087547e-02  3.35080003e-02
  1.25987745e-02 -4.56505573e-02  5.29405176e-01  0.00000000e+00
  3.36101312e-02  3.35799930e-02  4.69916104e-02  7.49066600e-02
 -1.49624958e-02 -7.34053724e-02 -4.56505573e-02  1.25987745e-02
  3.35080003e-02 -2.01415895e-01 -1.39861211e-01 -2.49569078e-02
 -8.05731047e-01 -3.26264878e-02 -1.67198869e-02 -1.56316197e-02
  3.43181894e-02  6.31314487e-03  1.57772181e-30  2.40189572e-02
  1.18329136e-30 -1.15721237e-01  2.82700281e-01  1.50092950e-01
 -1.71643322e-03  1.69330459e-02 -2.34003160e-02 -1.45664426e-02
 -3.42351212e-02 -1.63347691e-02 -1.26248760e-02  1.79501334e-02
  8.30462727e-03  2.58139668e-01 -2.34003160e-02 -2.58914075e-02
  4.10820941e-03  8.03543312e-02 -1.52335919e-02 -3.70524856e-02
 -2.80746901e-02 -3.42351212e-02 -1.63347691e-02 -1.26248760e-02
 -1.61884213e-02 -1.59158049e-02 -3.98027925e-02 -3.40283723e-02
  5.78935457e-02  1.53053688e+00 -2.54803858e-02 -2.86478984e-02
 -1.49873515e-02 -3.32688447e-02 -1.33315911e-02 -1.33385387e-02
 -2.95710753e-02 -6.30658148e-02  1.31546768e-03 -2.28191601e-03
 -1.33195026e-02  2.04930660e-02  2.82700281e-01 -1.15721237e-01
 -4.91088244e-02 -8.96550405e-02  1.69339723e-02  9.91451971e-03
  2.58326826e-03  1.79501334e-02 -1.97578236e-02 -3.20897873e-02
 -6.79146436e-01 -1.54702543e-01  3.50729676e-03  2.76306883e-02
 -2.97688498e-02 -1.49736538e-02 -7.34053724e-02  7.49066600e-02
 -1.10359701e+00 -7.28263404e-03  1.35323099e+01 -1.18756131e+01
  1.41177446e+01  4.84102858e+00  8.13219128e+00 -1.74251353e-01
  1.06650110e-03  2.40189572e-02  3.43181894e-02 -3.21569504e-02
 -2.01415895e-01 -1.39861211e-01 -1.49624958e-02  2.65599674e-02
 -3.03805891e-02  1.96406573e-03  9.14703754e-03  1.62130289e-02
 -1.52460055e-03 -1.43999808e-03 -4.27887438e-02 -4.91488038e-02
  9.59944637e-04 -2.16502272e-02 -8.20297302e-01 -4.85256749e-01
 -5.79742388e-02 -6.55576198e-02 -6.01589159e-01 -4.51789400e-01
 -1.64160390e-01 -7.81151392e-01  2.55863443e-01  6.15563282e-02
 -3.34235685e-01  3.89582911e-02 -7.60165302e-04 -6.12842627e-01
  6.77006477e-02  2.61501329e-01 -1.92007570e-02 -5.23935819e-02
 -3.18169697e-02 -1.01459825e-02 -4.42846375e-02 -2.68456947e-02
 -2.38564825e-02]
4	[ 5.51175772e+01 -3.15054540e-02  5.78869564e+01  3.18854991e+01
  9.05675982e+00  1.32127850e+01 -2.47804358e-01 -2.06795297e-01
  3.39515562e+01 -1.99006323e-01  1.69339848e+00 -9.03633153e-02
  5.48912165e-03 -1.22613373e+01 -8.80069100e-02 -1.22097712e+01
  1.75288325e-02  1.77194826e-02  5.56293814e-02  5.74388003e-02
  8.66623978e-04 -4.94720442e-01  3.35083428e-02  2.87655991e-02
  3.42335655e-02  2.72095612e-02  2.72302471e+01  3.03562633e+00
 -1.21092961e+01  2.91293871e-02  2.90845811e-02  6.69456771e+00
  2.02750172e+00  1.10241541e+00 -1.29588454e-01  6.44517156e+01
  2.51880374e+01  5.31448247e+01  2.44250905e+00 -9.18358751e-02
  8.29044298e-01  1.47183901e+01  1.93535699e+01  4.64901484e+01
  3.88605206e+01  1.04371071e+01  3.48743379e+01  2.25298909e+01
 -1.19271470e-01  5.39845055e+00 -7.07688720e-02  1.58726462e+01
  1.56363236e+01 -6.40800958e+00  2.43350442e+01  4.06605270e+01
 -9.56640081e-02  1.95381412e+01  1.95873381e+01  3.57040874e+00
 -4.58679918e-02 -1.43657744e-01  5.55227536e+00 -4.99240401e+01
  6.52599588e-02  5.05471978e-02 -2.43746816e+01 -3.98035334e+01
  1.04951234e-01  2.17263210e-01  2.28113709e+00 -2.86500291e-01
  1.59877967e+00  1.21887285e-01 -4.56669261e-02 -1.33315781e-02
 -1.33381657e-02 -2.90911463e-02 -2.38300692e-02 -1.84837557e-02
  2.06321963e-03 -2.28928752e-02 -5.63504085e-02 -2.69459116e-02
 -3.07992292e-02 -5.75984251e-02 -1.32092367e-02  3.34276852e-02
  1.38891032e-02 -1.53244856e-02  5.92665804e-01  0.00000000e+00
  3.35084553e-02  3.37708520e-02  1.66657741e-02  3.19123236e-02
 -1.49618302e-02 -7.43120058e-02 -1.53244856e-02  1.38891032e-02
  3.34276852e-02 -2.19233374e-01 -1.39861211e-01 -2.71534531e-02
 -7.86632507e-01 -3.52691328e-02 -1.67603230e-02 -1.56903773e-02
  3.43181894e-02 -1.27331264e-02  0.00000000e+00 -3.74776257e-02
  0.00000000e+00 -3.74820683e-01  2.58971482e-02  5.22319301e-02
 -9.65547407e-03  1.69330459e-02 -2.33399480e-02 -1.46421315e-02
 -3.57543071e-02 -1.65644717e-02 -3.04380728e-02  2.28738520e-02
  8.30112490e-03  1.95144326e-01 -2.33399480e-02 -2.60246280e-02
  1.50331560e-01  7.25649595e-02 -2.74992365e-02 -3.82392785e-02
 -2.98392268e-02 -3.57543071e-02 -1.65644717e-02 -3.04380728e-02
 -1.62078978e-02 -1.60173812e-02 -4.22410607e-02 -3.90070999e-02
 -2.02488084e-02 -2.46204203e-01 -2.38670349e-02 -2.90903951e-02
  2.06321963e-03 -1.84841376e-02 -1.33320150e-02 -1.33386026e-02
 -2.93183852e-02  1.01159152e-01  8.76239412e-02  2.30303517e-02
 -1.31943352e-02  1.98016399e-02  2.58971482e-02 -3.74820683e-01
 -1.22896097e-01 -9.14198935e-02  1.69339723e-02 -1.42372665e-02
  4.07511531e-02  2.28738520e-02 -2.02426668e-02 -3.20897873e-02
 -6.17057210e-01 -1.51732048e-01  2.67034613e-03  3.07203397e-02
 -2.98885992e-02 -1.51607447e-02 -7.43120058e-02  3.19123236e-02
 -1.04295060e+00 -2.45840222e-02 -1.36126186e-01  1.26023371e-01
 -1.38429002e-01 -1.44354053e-01 -8.89139657e-02 -1.74251353e-01
 -1.60787085e-02 -3.74776257e-02  3.43181894e-02 -3.25372415e-02
 -2.19233374e-01 -1.39861211e-01 -1.49618302e-02  2.71927759e-02
 -3.07010202e-02 -4.55055775e-05  6.68559109e-03  1.49651940e-02
 -1.50741333e-02 -1.48564311e-02 -4.38011840e-02 -4.86801809e-02
 -1.77387898e-02 -2.16228781e-02 -9.19396841e-03  2.34746430e-01
  2.40985122e-01  1.81193941e-02 -7.07158874e-01 -7.24422444e-01
 -4.53790741e-01 -1.48691636e-01 -1.29308658e-01 -1.56067951e-01
  2.03884837e-01  1.07877850e-01  1.02840363e-01  3.97177658e-01
  2.96827916e-01  2.30560917e-01 -1.95314751e-02 -5.23935819e-02
 -3.20137553e-02 -9.81344298e-03 -4.51794785e-02 -2.68456947e-02
 -2.34356557e-02]
5	[ 4.59250350e+00 -2.82442412e-02  3.19331689e+00  8.04839349e+00
  6.88014642e+00  6.63405087e+00  8.70175294e+00  7.51000920e+00
  3.82279273e+00  8.53547281e+00  3.31549894e-01  4.91402905e+00
 -5.12380376e-01  8.92630995e+00  6.28269924e-02  8.67865708e+00
  1.78950949e-02  1.80853883e-02  2.54985960e+00  2.49769274e+00
  8.60534270e-02  6.02572036e-02  3.41090571e-02  2.95583456e-02
  3.47520350e-02  2.67484314e-02  9.12660659e+00  8.87576961e+00
  9.04840624e+00  2.98707521e-02  2.98125106e-02  7.54104579e-01
  7.61419606e-01  9.63294727e-01  2.93808533e+00  1.24634081e+00
  1.41097400e+00  4.21588920e+00  6.87281355e+00  4.89544843e-01
  1.43404405e+00  3.06518278e+00  1.85599471e+00  2.41308601e+00
  1.76054349e+00  5.29732495e-01  2.96383595e+00  2.33427239e+00
  3.42324481e+00  7.39237602e+00 -8.40112143e-02  1.59260388e+00
  1.17506254e+00 -1.48061578e+00  6.26407285e+00  5.69968182e+00
  3.04519326e-01  5.01248791e-01  5.57008548e-02  1.65959515e-01
  1.48416203e+00  6.68612198e+00  1.30951081e+00 -5.21411157e+00
 -2.82569949e+00  2.71543371e-01 -4.16719413e+00  1.42043878e+00
 -4.57728301e+00 -8.01336003e+00 -2.48047848e-01 -2.08898598e-02
  3.63515158e-02  5.86119506e+00  4.52754434e-03 -1.33257310e-02
 -1.33309985e-02 -2.87450854e-02  2.83317614e-02 -1.34995800e-02
 -8.96202799e-03 -6.33860928e-02  3.26655559e-03 -2.65350215e-02
 -1.74418306e-02 -8.61531309e-02 -1.32015846e-02  3.35897294e-02
  9.14998176e-03 -2.38205860e-02  3.47825835e-02  0.00000000e+00
  3.35660665e-02  3.38437335e-02  2.61061150e-02  6.24627814e-02
 -1.49588250e-02 -7.46620255e-02 -2.38205860e-02  9.14998176e-03
  3.35897294e-02  2.76339743e-02  1.59064220e-01 -2.67840548e-02
 -2.95538813e-02 -2.94468637e-02 -1.65851151e-02 -1.55429098e-02
  2.23423449e-02 -9.68884570e-03  3.12801489e-02 -3.01908454e-02
  7.25528299e-02 -4.40697923e-02  2.58293813e-02 -4.54470914e-02
 -1.83682057e-02  3.20314116e-02 -2.16736753e-02 -1.47672462e-02
 -1.94168476e-02 -1.65182192e-02 -2.68981191e-02  2.04797390e-01
  8.30028022e-03  9.71015486e-02 -2.16736753e-02 -2.44659300e-02
  9.48021154e-04  6.88775512e-02  4.13540982e-03 -1.48108568e-02
 -1.81011196e-02 -1.94168476e-02 -1.65182192e-02 -2.68981191e-02
 -1.61871806e-02 -1.60608531e-02 -3.19458445e-02 -3.27534237e-02
  1.47335615e-01  7.17332321e+00  2.82944261e-02 -2.87443343e-02
 -8.96202799e-03 -1.34999618e-02 -1.33261679e-02 -1.33314354e-02
 -2.97749032e-02  1.83427922e-01  2.88973622e-02  9.02155174e-03
 -1.31710793e-02  1.90765141e-02  2.58293813e-02 -4.40697923e-02
 -1.20537300e-01 -9.17737894e-02  3.20323382e-02  1.76328489e-02
  1.51777598e-02  2.04797390e-01 -2.22459900e-02 -3.17376988e-02
  5.04277457e-01 -5.70380217e-02  4.75850878e-03  2.53261122e-02
 -2.96108302e-02 -1.49813868e-02 -7.46620255e-02  6.24627814e-02
  6.19217649e-02  2.55343743e-01  1.48275780e+00 -9.45242924e-01
  1.26968998e+00  3.04380880e+00  1.78430884e+00  4.06198628e+00
 -1.33382860e-02 -3.01908454e-02  2.23423449e-02 -1.45326420e-02
  2.76339743e-02  1.59064220e-01 -1.49588250e-02  1.71360331e-02
 -2.97730823e-02  2.44728498e-03  8.99229117e-03  1.77281150e-02
  1.10578477e-02  1.11001570e-02 -4.57898729e-02 -4.96832847e-02
 -2.34778962e-02 -2.16574613e-02 -1.10645284e-02  3.26456726e-01
  1.49612634e-01  1.23209832e-02  2.95601484e-01  1.23654817e-01
  5.51572218e-02  2.01438063e-01  3.08595694e-01  1.98620270e-01
  4.72214938e-01  2.98764810e-01  2.66608906e-01  3.10732857e-01
  2.72674836e-01  1.65425424e-02 -1.91183250e-02 -1.54413965e-02
 -2.62850920e-02 -7.72678108e-03 -4.14356241e-02 -1.63463420e-02
 -2.16231908e-02]
6	[-1.37678797e-01 -3.31088034e-02 -1.00000022e-01 -2.25059158e-01
 -1.30588798e-01 -2.23326753e-01 -2.43542092e-01 -1.96537797e-01
 -1.08201612e-01 -2.06123802e-01 -2.32549893e-02 -8.77991519e-02
 -3.72408248e-02 -1.77951847e-01  7.40780917e-01 -2.01622202e-01
  1.78576110e-02  1.80482731e-02 -9.12856416e-02 -9.20911385e-02
 -7.14540210e-02 -6.05120236e-01 -4.90467518e-02 -9.40828429e-02
 -5.10238110e-02 -8.31567005e-02 -2.13081783e-01 -2.09488474e-01
 -1.81649536e-01 -9.45793566e-02 -9.39752835e-02 -8.17908167e-02
 -7.90999699e-02 -9.78858974e-02 -1.22513910e-01 -6.37025305e-02
 -1.13742107e-01 -1.31459084e-01 -1.53543046e-01 -9.17979191e-02
 -1.02848337e-01 -1.56047038e-01 -1.49509915e-01 -1.01365834e-01
 -1.00901260e-01 -1.01895077e-01 -1.69371812e-01 -1.50837146e-01
 -9.46540312e-02 -1.43746901e-01 -8.40112143e-02 -1.22495072e-01
 -1.33878241e-01  6.44766234e-04 -1.50656871e-01 -1.88399013e-01
 -1.05722806e-01 -7.10075129e-02 -4.97373096e-02 -8.86266808e-02
 -4.11113084e-02 -9.51806661e-02 -5.69695498e-02  1.30261867e-01
  6.60713478e-02  5.91504595e-02  1.27052613e-01 -1.53025187e-02
  1.76506947e-01  2.21164862e-01  2.08935523e-02 -1.55238430e-02
  4.35221602e-03 -1.58118190e-01  3.14078076e-02 -1.33304926e-02
 -1.33381171e-02 -2.28534342e-02 -3.76846578e-02 -3.99611984e-02
  1.00889296e-02  1.29702877e-01 -5.31259131e-02 -1.88000510e-02
 -3.44490559e-02 -1.05887142e-01 -1.32084985e-02 -8.96497005e-02
 -2.37275305e-02  3.51570998e+01 -5.60417067e-01  0.00000000e+00
 -8.88989440e-02 -8.95064324e-02 -3.51554855e+01 -4.41393489e-02
 -1.49743349e-02 -7.85116707e-02  3.51570998e+01 -2.37275305e-02
 -8.96497005e-02 -1.70950275e-01 -1.29407174e-01 -2.76937706e-02
 -5.29116196e-01  3.06927497e-01 -5.27884163e-03 -1.54826884e-02
 -1.15130763e-01 -1.10268232e-02  2.75937607e+00  1.80806901e-02
  1.86880895e+00 -2.56052406e-01 -2.03257583e-02 -1.79031119e-01
 -2.97146966e-02  1.04283017e-02 -2.49395552e-02 -1.47855934e-02
 -3.57573545e-02 -1.65702594e-02 -3.04390544e-02 -5.60427596e-02
  7.14813098e-03 -2.35661635e-01 -2.49395552e-02 -2.71397378e-02
 -6.24419010e-04  6.25902875e-02 -8.57052977e-02 -3.82399878e-02
 -2.98418281e-02 -3.57573545e-02 -1.65702594e-02 -3.04390544e-02
 -1.62203565e-02 -1.60830155e-02 -4.22434516e-02 -3.90083060e-02
 -2.00181847e-02 -2.27047229e-01 -3.77215253e-02 -2.28526832e-02
  1.00889296e-02 -3.99615808e-02 -1.33309295e-02 -1.33385540e-02
 -3.01043007e-02 -1.13817066e-01  1.17387266e-01  1.44590069e-03
 -1.56359901e-02  1.46191896e-02 -2.03257583e-02 -2.56052406e-01
 -1.95681200e-01  7.48258262e-02  1.04292279e-02 -2.02575531e-02
 -1.07388392e-01 -5.60427596e-02  1.28894899e-01  2.60352681e-02
 -4.49058540e-01  2.18227355e-01  5.53556863e-02  1.58701339e-01
  1.96781862e-01 -1.53321576e-02 -7.85116707e-02 -4.41393489e-02
  1.58801078e-01 -2.45310000e-02 -1.38057161e-01  1.29822951e-01
 -1.39101477e-01 -1.35823908e-01 -8.53678462e-02 -1.66545426e-01
 -1.45427162e-02  1.80806901e-02 -1.15130763e-01 -2.78370508e-02
 -1.70950275e-01 -1.29407174e-01 -1.49743349e-02  2.71924108e-02
 -2.88569699e-02  1.56017934e-03  9.39571704e-03  1.41165111e-02
 -1.96059244e-02 -1.95863369e-02 -3.72635997e-02 -4.03581689e-02
 -3.50240429e-02 -2.17103839e-02 -1.57569352e-02 -1.73162212e-02
 -8.30759433e-02 -1.86810910e-01 -5.89450481e-01 -4.79737668e-01
 -3.92654328e-01 -2.77610059e-01 -2.92646058e-01  1.50794193e-02
  2.40829855e-01 -8.36961058e-01 -3.07390713e-01  1.32395321e-01
  2.04536789e-02 -3.18387362e-02 -1.40684449e-02  4.12480746e-01
 -3.33584690e-02 -9.01560719e-03 -3.75035472e-02 -3.50145285e-02
 -2.14438331e-02]
7	[ 1.25082557e+00 -2.84577790e-02  9.15316060e-01  1.99027913e+00
  1.15581944e+00  1.88228943e+00  2.07298369e+00  2.08976935e+00
  1.82908841e+00  1.95505213e+00  1.23923701e-01  5.07877786e-01
  1.35449634e-02  1.71881016e+00  4.11786436e-01  1.77445785e+00
  1.78851569e-02  1.80755710e-02  9.90969116e-01  9.02683400e-01
  7.94949517e-02  9.45266367e-02  3.39376988e-02  2.94951143e-02
  3.45354583e-02  2.67097556e-02  2.04032617e+00  2.15515862e+00
  1.72972162e+00  2.99515212e-02  2.96269842e-02  4.30937199e-01
  3.47641679e-01  4.98296698e-01  1.13623988e+00  4.26639976e-01
  6.17653393e-01  1.03235404e+00  1.74297409e+00  2.14247309e-01
  1.91694669e+00  1.60258715e+00  1.25576430e+00  7.14606481e-01
  9.16170050e-01  6.14909174e-01  1.42384921e+00  1.24017356e+00
  1.09367093e+00  1.60018301e+00  4.32369851e-01  1.39777055e+00
  1.10325013e+00 -8.14300289e-01  1.32426389e+00  1.46708461e+00
  7.61175396e-01  1.45029719e+00  1.17869175e+00  5.09763220e-01
  2.64418344e-01  6.40241567e-01  2.75958558e-01 -1.09183866e+00
 -2.25252882e-01 -4.26605678e-01 -8.58356231e-01  1.55781408e-01
 -1.39322586e+00 -2.18061093e+00 -6.54930601e-02 -1.44725023e-02
  3.64258099e-02  1.43123183e+00 -9.05248006e-02 -1.33226439e-02
 -1.33275736e-02 -2.90103789e-02  5.81328753e-02 -2.06794408e-02
 -8.55341113e-03 -6.20954119e-02 -9.62757028e-03 -2.68565691e-02
  5.37001991e-01  5.73025052e-02 -1.31994332e-02  3.34841827e-02
  9.81825650e-03 -2.48237232e-02  6.40256882e-02  0.00000000e+00
  3.35506344e-02  3.36516828e-02  2.42119120e-02  3.55020512e-02
 -1.49602880e-02 -7.44946784e-02 -2.48237232e-02  9.81825650e-03
  3.34841827e-02  2.17237637e-02 -5.36726511e-02 -2.44009184e-02
 -1.13152783e-01 -2.58709665e-02 -1.66020022e-02 -1.54467496e-02
 -1.62285436e-01 -9.86444027e-02  1.61153370e-01 -2.87039257e-02
  1.90116491e-01  4.06768936e-02  1.53004164e-02  6.89982729e-02
 -9.33900500e-03  2.08735365e-02 -2.17135870e-02 -1.47022672e-02
  1.18636708e-01 -1.59098305e-02  1.82282144e-01  4.12898385e-02
  8.28151266e-03  1.06123689e-01 -2.17135870e-02 -2.07104701e-02
  2.18819846e-03  6.99911876e-02  1.66425480e-02  1.52872938e-01
  2.57217464e-01  1.18636708e-01 -1.59098305e-02  1.82282144e-01
 -1.62012294e-02 -1.55388900e-02  3.20588639e-01  3.64530752e-01
  2.57501425e-02  1.65927372e+00  5.80953288e-02 -2.90096278e-02
 -8.55341113e-03 -2.06798228e-02 -1.33230808e-02 -1.33280105e-02
 -2.98563108e-02 -5.92443577e-02 -7.01070881e-03 -5.40298246e-02
 -1.32228023e-02  2.12484492e-02  1.53004164e-02  4.06768936e-02
 -2.54501646e-02 -5.99964505e-02  2.08744630e-02 -3.30088640e-03
  3.45546081e-02  4.12898385e-02 -2.18509636e-02 -3.18941742e-02
  1.42641025e-01 -7.63605845e-02  4.17235440e-03  2.65242534e-02
 -2.97927451e-02 -1.50488390e-02 -7.44946784e-02  3.55020512e-02
 -2.90921751e-01 -1.32557959e-01  1.14629901e+00 -1.24429845e+00
  1.13561431e+00  1.33490527e+00  5.80367947e-01  1.62014216e+00
 -9.34149396e-02 -2.87039257e-02 -1.62285436e-01 -2.54728541e-02
  2.17237637e-02 -5.36726511e-02 -1.49602880e-02 -1.07463479e-01
 -2.97914331e-02 -6.17702755e-04  9.43278997e-03  1.74169407e-02
  1.14114187e-02  1.07861256e-02 -4.51298333e-02 -4.97356314e-02
 -1.80136855e-02 -2.16352900e-02 -1.24092658e-02  1.74885570e-01
  1.59424907e-01  3.41360691e-02  7.51803053e-02  4.35580561e-02
 -1.19350194e-02  1.52517876e-02  4.34360227e-02  7.60001471e-02
  1.42547771e-01  1.97644089e-01  1.55766873e-01  2.82860829e-01
  2.37857880e-01  3.30812399e-02 -1.90126555e-02 -4.35097006e-02
 -2.99923435e-02  1.28359937e-02 -4.19795660e-02 -2.57309002e-02
 -2.18405108e-02]
8	[-1.53830193e-01 -5.69679329e-02 -1.16555620e-01 -2.36392665e-01
 -1.31211364e-01 -2.37752621e-01 -2.54495980e-01 -2.09579577e-01
 -2.24468669e-01 -2.02279667e-01 -2.17113124e-02 -9.03633153e-02
  5.48912165e-03 -1.80915420e-01 -8.80069100e-02 -1.81569204e-01
  1.78585632e-02  1.80492407e-02 -1.28573499e-01 -1.23070573e-01
 -7.14540210e-02  6.87074102e-01  6.03982264e-02  2.87484074e-02
  3.35513616e-02  2.71207357e+00 -2.35462966e-01 -2.29820390e-01
 -1.84750487e-01  2.87820942e-02  2.81022191e-02 -8.51655522e-02
 -8.01458099e-02 -1.00916322e-01 -1.28272738e-01 -6.62849572e-02
 -1.18325316e-01 -1.44624079e-01 -2.03935870e-01 -9.19941976e-02
 -1.26949016e-01 -1.73060026e-01 -1.58950440e-01 -1.04305263e-01
 -1.04030154e-01 -1.04410686e-01 -1.95915861e-01 -1.68805664e-01
 -1.15797447e-01 -1.69732077e-01 -8.40112143e-02 -1.34280398e-01
 -1.41422154e-01  6.87401731e-02 -1.39368317e-01 -2.05066875e-01
 -1.06050451e-01 -8.20400301e-02 -5.19791570e-02 -9.07588302e-02
 -4.61644792e-02 -1.43783281e-01 -5.80008656e-02  1.46747044e-01
  5.84173505e-02  5.91743761e-02  1.33175090e-01 -1.17130516e-02
  1.26663217e-01  2.21164862e-01  2.02407554e-02 -1.57387819e-02
  4.13347961e-03 -1.51811503e-01  1.83021912e-02 -1.32730835e-02
 -1.33408376e-02  1.58827541e+01 -4.01927770e-02  1.46192749e-02
  4.55174477e-02  1.75959631e-01 -5.66932188e-02  1.49647691e+01
 -3.44490559e-02  1.41635360e+01 -1.31386043e-02  3.27621716e-02
  1.38891032e-02 -1.64821309e-02  5.92665804e-01  0.00000000e+00
  3.29371165e-02  3.21509963e-02  1.78234105e-02  3.11910813e-03
 -1.49635306e-02 -7.50753038e-02 -1.64821309e-02  1.38891032e-02
  3.27621716e-02 -1.50997058e-01 -1.39861211e-01 -2.76240640e-02
 -8.44156027e-01 -3.47629669e-02 -1.65819448e-02 -1.56978726e-02
  3.43181894e-02  8.81768457e+01 -4.36933885e-01  5.48068910e+01
 -1.36845181e-01  6.94514875e-01  9.57207556e-01  4.22397694e-01
  1.57938958e-02  1.69315991e-02 -2.33753429e-02 -1.45785898e-02
 -3.57571613e-02 -1.65691741e-02 -3.04391678e-02 -5.60427596e-02
  3.90802802e-02  2.21346490e-01 -2.33753429e-02 -2.61492001e-02
  1.04076583e-03  7.16397334e-02 -8.57052977e-02 -3.82415874e-02
 -2.98418121e-02 -3.57571613e-02 -1.65691741e-02 -3.04391678e-02
 -1.62260210e-02 -1.60863005e-02 -4.22445435e-02 -3.90084891e-02
 -2.02642748e-02 -2.49101157e-01 -4.02296268e-02  1.58827546e+01
  4.55174477e-02  1.46188936e-02 -1.32735204e-02 -1.33412745e-02
  1.73688223e+01  2.86964315e+01  2.23068625e-01  3.38747826e-02
 -1.35995103e-02  1.85699690e-02  9.57207556e-01  6.94514875e-01
  1.68419236e+01 -9.44067510e-02  1.69325255e-02 -1.23186318e+01
 -1.07388392e-01 -5.60427596e-02 -1.75290149e-02 -3.20897873e-02
  2.25179103e+00 -1.79387768e-01  2.57386920e-03  3.11506348e-02
  8.76209946e-01 -1.53590846e-02 -7.50753038e-02  3.11910813e-03
  1.38950772e-01 -2.46400983e-02 -1.44822214e-01  1.38896735e-01
 -1.46781533e-01 -1.43581361e-01 -8.87958650e-02 -1.74251353e-01
  7.93710511e+01  5.48068910e+01  3.43181894e-02 -3.25368837e-02
 -1.50997058e-01 -1.39861211e-01 -1.49635306e-02  2.71928255e-02
 -3.83341031e-02 -1.66494659e-03  4.95275506e-03  1.75858395e-02
  2.22147013e-03  2.32963977e-03 -5.86370986e-02 -6.14739734e-02
 -3.50240429e-02 -2.16896103e-02 -1.52534619e-02 -3.40834133e-01
 -2.08989241e-01 -5.30716642e-03 -2.01653680e+00 -1.47859192e+00
 -1.78710936e-01 -2.21225070e-01 -2.27502696e-01 -1.76755139e-01
 -8.43487972e-01 -9.60893134e-01 -6.19791987e-01  1.30228891e-01
  2.04536789e-02 -3.18387362e-02 -1.95314751e-02 -5.23935819e-02
 -3.31873130e-02 -1.20557435e-02 -4.93574723e-02 -2.68456947e-02
 -5.58842265e-02]
9	[-1.53488228e-01 -2.75656294e-02 -1.16555620e-01 -2.35007121e-01
 -1.31211364e-01 -2.37472886e-01 -2.54270611e-01 -2.05892710e-01
 -2.24469159e-01 -1.97945231e-01 -2.17113568e-02 -9.03633153e-02
  5.48912165e-03 -1.75625947e-01 -8.80069100e-02 -1.76302596e-01
  1.78629381e-02  1.80536159e-02 -1.26945411e-01 -1.20811620e-01
 -6.12556259e-03  6.87074102e-01  3.56555119e-02  3.20371600e-02
  3.65381432e-02  3.06656987e-02 -2.32761797e-01 -2.25672998e-01
 -1.79529266e-01  3.24147483e-02  3.24011725e-02 -8.45694298e-02
 -8.01206809e-02 -1.00472148e-01 -1.29581838e-01 -6.62849572e-02
 -1.18058620e-01 -1.44624079e-01 -2.06166570e-01 -9.20038419e-02
 -1.27807800e-01 -1.73601642e-01 -1.59078370e-01 -1.04377684e-01
 -1.04030154e-01 -1.04471293e-01 -1.97063863e-01 -1.69548692e-01
 -1.17307178e-01 -1.69732077e-01 -8.40112143e-02 -9.74376136e-02
 -1.41650362e-01  6.87401731e-02 -1.38596858e-01 -2.05187085e-01
 -1.06049065e-01 -8.30319866e-02 -5.17349974e-02 -9.08163987e-02
 -4.61673306e-02 -1.44204896e-01 -5.74818813e-02  1.46747044e-01
  6.52599588e-02  6.08532130e-02  1.36463156e-01 -7.77065831e-03
  1.03848085e-01  2.11811261e-01  1.95743829e-02 -1.57387819e-02
  4.49284231e-03 -1.47742060e-01  4.72400959e-02  8.98537802e+01
  8.98537808e+01 -2.40259183e-02 -2.48466833e-02 -3.30319207e-02
 -6.16489332e-03 -8.89367759e-02 -5.98815217e-02 -2.25552878e-02
 -2.77251299e-02 -8.66314790e-02  9.03452511e+01  3.60353864e-02
  1.38891032e-02 -1.64821309e-02  5.92665804e-01  0.00000000e+00
  3.60776738e-02  3.64291224e-02  1.78234105e-02 -1.04301510e-01
  7.09349283e+01 -8.17579388e-02 -1.64821309e-02  1.38891032e-02
  3.60353864e-02 -6.43204364e-02 -1.39861211e-01 -2.68669825e-02
  1.52047562e-01 -5.77935520e-03 -1.57648526e-02 -1.28437790e-02
  3.43181894e-02 -1.26446133e-02  0.00000000e+00 -2.92338516e-02
  0.00000000e+00 -5.23765254e-01 -6.58277987e-02 -3.12477544e-01
 -4.18002116e-02  1.69330459e-02 -2.33330644e-02  7.76823045e+01
 -3.57562339e-02 -1.65682751e-02 -3.04389022e-02  7.49770975e-02
  8.34054110e-03  2.21346490e-01 -2.33330644e-02 -2.60916274e-02
  3.24989928e-03  6.90324827e-02 -2.68667457e-03 -3.82413867e-02
 -2.98405826e-02 -3.57562339e-02 -1.65682751e-02 -3.04389022e-02
 -1.62262302e-02 -1.60863547e-02 -4.22445837e-02 -3.90086922e-02
 -2.02043317e-02 -2.47425881e-01 -2.48836418e-02 -2.40251673e-02
 -6.16489332e-03 -3.30323029e-02  8.98537802e+01  8.98537808e+01
 -2.58566991e-02 -2.92448980e-02  2.01213005e-02  7.22658164e-03
 -1.32172230e-02  1.94254724e-02 -6.58277987e-02 -5.23765254e-01
 -8.01633806e-02 -9.17812069e-02  1.69339723e-02 -1.48510375e-02
  1.57166742e-01  7.49770975e-02 -2.29084235e-02 -3.20897873e-02
 -7.27069241e-01 -1.79387768e-01  2.57386920e-03  3.11506348e-02
 -2.99516543e-02 -1.53590846e-02 -8.17579388e-02 -1.04301510e-01
  1.96117320e-01 -2.44780320e-02 -1.44789113e-01  1.39503934e-01
 -1.46976630e-01 -1.44265795e-01 -8.87932598e-02 -1.74251353e-01
 -1.59990301e-02 -2.92338516e-02  3.43181894e-02 -1.73077781e-02
 -6.43204364e-02 -1.39861211e-01  7.09349283e+01  2.71928255e-02
 -2.95199487e-02  1.72550727e-03  8.58061219e-03  1.58927541e-02
 -5.78420570e-03 -5.67855426e-03 -4.54305986e-02 -4.97573456e-02
  1.31663187e+00 -2.16121149e-02 -9.54586723e-03 -3.21141739e-01
 -9.14525425e-01 -4.15829750e-01 -7.42087560e-01 -1.12631710e+00
 -6.88824267e-01 -7.37437046e-01 -1.26835950e+00 -8.64299933e-01
 -1.81639849e-01 -1.75684544e-01 -1.11162330e-01 -2.60493113e-01
 -1.06873266e+00 -1.05379613e+00 -2.32431827e-02 -5.23935819e-02
 -1.47211580e-02 -1.00808154e-02 -4.46562746e-02 -2.68456947e-02
 -2.45719490e-02]
10	[-1.53580440e-01  1.98934379e-02 -1.16555620e-01 -2.35429414e-01
 -1.31211364e-01 -2.31735676e-01 -2.48985795e-01 -2.04792649e-01
 -2.24469159e-01 -1.96651987e-01 -2.15360168e-02 -9.03633153e-02
  5.48912165e-03 -1.79328742e-01 -8.80069100e-02 -1.79989385e-01
  1.78663241e-02  1.80570022e-02 -1.29311250e-01 -1.24842276e-01
 -3.83610738e-02  6.02138939e-01  3.37515975e-02  2.91921123e-02
  3.44587960e-02  2.69649275e-02 -2.33922257e-01 -2.27894721e-01
 -1.83184282e-01  3.45189474e-02  2.94086430e-02 -8.41167596e-02
 -8.00333499e-02 -1.00140811e-01 -1.29420427e-01 -6.62849572e-02
 -1.17359614e-01 -1.43950949e-01 -2.05952597e-01 -9.11672078e-02
 -1.26676075e-01  3.84338624e-01 -1.52218493e-01 -1.04543260e-01
 -9.93214082e-02 -9.53836102e-02 -1.96290315e-01 -1.67398835e-01
 -1.19271470e-01 -1.69732077e-01 -7.20239606e-02  2.60222462e-01
 -1.34399967e-01  6.79739214e-02 -1.39377259e-01 -2.00564429e-01
 -9.65100467e-02 -7.52502329e-02 -5.17366619e-02 -8.13198576e-02
 -4.60377018e-02 -1.42856674e-01  2.75103475e+01  1.45446135e-01
  6.52599588e-02  3.67556445e-02  1.19223229e-01 -4.57531121e-03
  1.03987178e-01  2.19665383e-01 -2.73541834e+01 -1.57387819e-02
 -2.57850240e+00 -1.49683227e-01  3.16034365e-02 -1.33316366e-02
 -1.33387682e-02 -2.89532650e-02 -3.12909926e-02 -2.22686996e-02
 -8.60714505e-03 -8.71777813e-02 -5.57180197e-02 -2.67709694e-02
 -3.29955854e-02 -9.20695106e-02 -1.32092116e-02  3.27638503e-02
  1.38011418e-02 -6.00684059e-02  4.69982251e-01  0.00000000e+00
  3.99110297e-02  3.31746977e-02  1.78234105e-02  6.94259372e-02
 -1.49626346e-02 -7.37008464e-02 -6.00684059e-02  1.38011418e-02
  3.27638503e-02 -1.98921875e-01 -1.39861211e-01 -2.67974098e-02
 -7.90714148e-01 -3.51671238e-02 -1.67583661e-02 -1.56809239e-02
  3.43181894e-02 -6.40865635e-03  0.00000000e+00 -3.65153034e-02
  3.94430453e-31 -3.70026161e-01  9.82232003e-03  5.03852279e-01
  2.21777061e-02  1.69330459e-02  3.29151303e+01 -1.46405279e-02
 -3.57547492e-02 -1.65663139e-02 -3.04375108e-02 -2.22518244e-02
  9.45572223e+00 -6.55903567e-02  3.29151303e+01 -2.55269135e-02
  2.18682221e-03  7.05866039e-02  1.97037029e-02 -3.82399992e-02
 -2.98407080e-02 -3.57547492e-02 -1.65663139e-02 -3.04375108e-02
 -1.62124776e-02 -1.60317293e-02 -4.22419408e-02 -3.90076865e-02
 -2.02586240e-02 -2.47923712e-01 -3.13279054e-02 -2.89525138e-02
 -8.60714505e-03 -2.22690815e-02 -1.33320736e-02 -1.33392051e-02
 -2.95539751e-02 -8.22513096e-02 -1.99515683e-02 -4.77834649e-02
 -1.33977269e-02  1.94327735e-02  9.82232003e-03 -3.70026161e-01
 -5.92875282e-02 -9.11115727e-02  1.69339723e-02 -2.08153531e-02
 -3.36301943e-02 -2.22518244e-02 -1.93302347e-02 -3.20897873e-02
 -7.19482205e-01 -6.09300518e-02  4.77396730e-03  1.19135219e-02
 -2.97242135e-02 -1.52613255e-02 -7.37008464e-02  6.94259372e-02
 -7.16117873e-01 -3.34950974e-02 -1.36938714e-01  1.27741326e-01
 -1.39474433e-01 -1.44141567e-01 -8.88674905e-02 -1.74251353e-01
 -1.03800503e-02 -3.65153034e-02  3.43181894e-02 -2.80059091e-02
 -1.98921875e-01 -1.39861211e-01 -1.49626346e-02  2.71921473e-02
 -6.68752640e-03 -6.16781882e-03  1.06307585e-02  1.12191759e-02
  6.46823988e-03  6.57774536e-03 -4.69611070e-02 -4.96650976e-02
 -1.62413981e-02  3.76415153e+01 -9.41984041e-03  1.98624952e-01
  4.14902111e-01  5.84679975e-02  6.41804897e-01  2.28538100e-01
  1.56152245e-01  2.40162933e-01 -4.89417330e-01 -1.57528223e-01
  1.56736459e-01 -7.55156604e-02 -7.37931837e-03  1.21575915e-01
  3.66238626e-01  3.51452871e-01 -1.81843030e-02 -5.23935819e-02
 -2.92888116e-02 -9.39463834e-03 -3.24404167e-02 -2.68456947e-02
 -1.84200342e-02]
11	[-1.53236246e-01 -2.99628702e-02 -1.16555620e-01 -2.35378193e-01
 -1.31211364e-01 -1.73438580e-01 -2.52901956e-01 -2.09564869e-01
 -2.24375877e-01 -2.02279576e-01 -2.17117938e-02 -9.49540490e-02
  5.48912165e-03  6.69356385e-01  4.17297680e+00  6.05893407e-01
  1.78663026e-02  1.80569807e-02  4.71282412e-01  4.15551410e-01
  5.10368385e-02 -1.10693000e-01  3.57985482e-02  2.87579369e-02
  3.64621437e-02  2.99387671e-02  2.09478868e-01 -2.29803824e-01
  6.54235664e-01  2.91293871e-02  3.25291675e-02 -7.71390500e-02
 -8.01458099e-02 -9.51288993e-02  3.34440312e-02 -6.62849572e-02
  5.44037043e-02 -7.40089507e-02 -2.06166570e-01 -9.20038419e-02
 -1.27807800e-01 -1.71845058e-01 -7.60561281e-02 -1.03972379e-01
 -1.04030154e-01 -1.04088227e-01  1.06072175e-01 -1.69537254e-01
 -1.19271470e-01 -1.67343480e-01 -8.40112143e-02 -1.34593049e-01
 -9.28313536e-02  6.87401731e-02 -1.36258166e-01  7.55307944e-02
 -1.12613122e-01 -8.26163600e-02 -5.17280923e-02 -9.04465293e-02
  9.30594328e+01 -1.44204896e-01 -5.20310950e-02  1.46747044e-01
 -3.31228544e+01  5.91743761e-02 -9.43797394e-02  3.95593085e-02
  1.03848085e-01 -1.19331335e-01  6.68857901e-02 -1.57387819e-02
  8.73965427e-03 -1.51681904e-01  4.30363504e-02 -1.33320951e-02
 -1.33393445e-02  6.94421288e-02 -2.60317678e-02  2.97081566e+00
  1.97759234e+00 -1.19296904e-01 -6.61573166e-02 -2.53309410e-02
 -1.80780112e-02 -1.02652337e-01 -1.32102459e-02  3.27713747e-02
 -2.37752459e-02 -1.66751552e-02 -1.28076411e-01  0.00000000e+00
  3.28618302e-02  3.31746977e-02  1.80164332e-02  3.10741545e-03
 -1.49635240e-02 -7.50749565e-02 -1.66751552e-02 -2.37752459e-02
  3.27713747e-02  2.50018819e+00  5.27040275e+00 -2.79490615e-02
 -8.41721408e-01 -3.20232408e-02 -1.12502967e-02 -1.33789032e-02
  3.43181894e-02  1.13838176e-01 -2.03504641e-01 -3.61214571e-02
 -7.60741653e-03 -5.17673853e-01 -6.54535963e-02  9.97576520e-02
 -9.49225387e-03  1.62610035e-02 -2.34158423e-02 -1.47826728e-02
 -3.57573517e-02 -1.65695008e-02 -3.04391678e-02  7.74146762e-02
  8.59348134e-03 -6.14709223e-02 -2.34158423e-02 -2.37565032e-02
  5.37301907e-04  6.70185049e-02  1.11356724e-02 -3.82415690e-02
 -2.98418120e-02 -3.57573517e-02 -1.65695008e-02 -3.04391678e-02
 -1.62259205e-02 -1.60865910e-02 -4.22445243e-02 -3.90086921e-02
 -1.68287988e-02  4.52956140e-02 -2.60687179e-02  6.94428779e-02
  1.97759234e+00  2.97081533e+00 -1.33325320e-02 -1.33397814e-02
  1.43093512e-01  1.87538551e+01  1.17292259e+01  2.26881113e+00
 -1.31887680e-02  1.83207779e-02 -6.54535963e-02 -5.17673853e-01
 -5.35758049e-02 -9.30498184e-02  1.62619298e-02 -2.13322182e-02
 -1.07388392e-01  7.74146762e-02 -2.28041455e-02 -3.20897873e-02
 -7.27069241e-01 -1.79387768e-01  2.57386920e-03  3.11506348e-02
 -2.99516543e-02 -1.51964747e-02 -7.50749565e-02  3.10741545e-03
  1.91902562e-02 -2.46176106e-02 -9.89957603e-02  1.98000418e-01
 -1.46182510e-01 -4.86018942e-02 -8.86470648e-02 -1.74156594e-01
  9.78591578e-02 -3.61214571e-02  3.43181894e-02 -3.22953552e-02
  2.50018819e+00  5.27040275e+00 -1.49635240e-02  2.71928215e-02
  1.37412957e-01  6.12197693e+01  4.08378806e+01  1.36439802e-02
 -8.73836467e-03 -8.63364248e-03 -3.91475254e-02 -4.41774634e-02
 -3.50240429e-02 -1.66367889e-02 -1.52658871e-02 -7.18922864e-02
 -2.71825398e-01 -5.61076199e-02 -4.22355741e-01 -1.66148386e+00
 -1.39090548e+00 -1.68473481e-01 -4.08083927e-01 -1.76755139e-01
 -3.46917418e-01 -3.44058067e-01 -1.20784156e-01  1.94457166e-01
 -4.39868001e-01 -3.18387362e-02  5.60688666e+01 -4.21915435e-01
  4.32782254e+00 -8.88039988e-03 -4.77038422e-02 -2.68456947e-02
 -1.87783161e-02]
12	[-1.46196152e-01 -3.07138132e-02 -1.11032321e-01 -2.23727684e-01
 -7.67378473e-02 -2.21533813e-01 -2.35112769e-01 -2.08424490e-01
 -2.24469159e-01 -2.24426357e-01 -2.12743723e-02 -9.03633153e-02
  5.48912165e-03 -2.10107342e-01 -8.80069100e-02 -2.10634939e-01
  1.78202961e-02  1.80109705e-02 -1.23564977e-01 -1.23417645e-01
 -7.14540210e-02 -4.09810823e-01  3.39326863e-02  2.85013708e-02
  3.42096906e-02  2.61654974e-02 -2.32942121e-01 -2.51011918e-01
 -2.13565740e-01  2.88806359e-02  2.88532991e-02 -8.11890156e-02
 -7.96223556e-02 -9.97793205e-02 -1.23860285e-01 -5.62950890e-02
 -1.16082824e-01 -1.41732832e-01 -2.04466249e-01 -9.16414840e-02
 -1.25516487e-01 -1.73504741e-01 -1.56668094e-01 -1.02883955e-01
 -1.04030154e-01 -1.04036318e-01 -1.97063863e-01 -1.69548692e-01
 -1.15528919e-01 -1.69732077e-01 -8.40112143e-02 -1.34602075e-01
 -1.41279181e-01  6.74552057e-02 -1.29582570e-01 -1.92380151e-01
 -1.05891125e-01 -8.54015191e-02 -5.15533934e-02 -9.05630565e-02
 -4.44933514e-02 -1.21774011e-01 -5.65724161e-02  1.44845592e-01
  6.52599588e-02  5.25943249e-02  1.29839036e-01 -7.77065831e-03
  1.00032846e-01  2.21164862e-01  2.09834261e-02 -1.57678087e-02
  5.17634821e-03 -1.42270974e-01  5.12209155e-02 -1.33335882e-02
 -1.33408376e-02 -3.01447227e-02 -4.01927770e-02 -5.01431881e-02
 -6.65959189e-02  5.22880354e-01 -5.61259264e-02 -2.58432699e-02
 -3.44490559e-02 -7.63133491e-02 -1.31197815e-02  3.39751752e-02
  1.12240103e-02 -2.09378074e-02  5.92665804e-01  0.00000000e+00
  3.40161469e-02  3.41799573e-02  2.22790524e-02 -7.63793984e-02
 -1.49404619e-02 -7.50753038e-02 -2.09378074e-02  1.12240103e-02
  3.39751752e-02 -2.19233374e-01 -1.39861211e-01 -2.79554233e-02
 -8.44252951e-01  5.15354673e-03 -1.54362865e-02 -1.17668408e-02
  3.43181894e-02 -1.27331264e-02 -1.96827016e-01 -3.74776257e-02
 -2.34721660e+00 -5.23765254e-01 -6.58277987e-02  2.71841062e-01
  3.99437609e-03  1.69330459e-02 -2.33015193e-02 -1.46895971e-02
 -3.57605952e-02 -1.65749576e-02 -3.04357715e-02 -5.60427596e-02
  8.29122638e-03  3.92910367e-01 -2.33015193e-02 -3.20571349e-02
 -7.38111578e-02 -3.35142997e-01 -8.57052977e-02 -3.82415875e-02
 -2.98557288e-02 -3.57605952e-02 -1.65749576e-02 -3.04357715e-02
 -1.62334412e-02 -1.60821871e-02 -4.22459696e-02 -3.90086922e-02
 -2.00106357e-02 -2.40003596e-01 -4.02296268e-02 -3.01439716e-02
 -6.65959189e-02 -5.01435706e-02 -1.33340252e-02 -1.33412745e-02
 -3.10193586e-02 -1.30185996e-01 -1.46128320e-01 -1.45388016e-02
 -1.66386328e-02  1.79334999e-02 -6.58277987e-02 -5.23765254e-01
 -1.51276326e-02 -7.46368856e-02  1.69339723e-02 -1.96968365e-02
 -1.07388392e-01 -5.60427596e-02 -2.34522451e-02 -3.20897873e-02
 -7.27069241e-01 -1.79387768e-01  2.57386920e-03 -1.24235537e-02
 -2.99516543e-02 -1.50833940e-02 -7.50753038e-02 -7.63793984e-02
  2.04862441e-01 -2.44086512e-02 -1.44388252e-01  1.40164632e-01
 -1.47014536e-01 -1.44354053e-01 -8.88406067e-02 -1.74251353e-01
 -1.60787085e-02 -3.74776257e-02  3.43181894e-02 -3.25372415e-02
 -2.19233374e-01 -1.39861211e-01 -1.49404619e-02  2.71928130e-02
 -3.04637039e-02 -5.01897736e+01 -6.00353196e+01 -6.65664628e+01
 -8.46479625e-03 -8.35998801e-03 -2.86038819e-02 -9.77150838e-02
 -3.50240429e-02 -2.16696563e-02 -4.24919098e-03 -1.65065970e+00
 -3.86954734e-01  3.78785451e-01 -2.88169349e+00 -2.12376963e-01
 -1.78710936e-01 -2.21225070e-01 -2.27502696e-01 -1.76755139e-01
 -1.68358616e-01 -2.05665733e+00  2.07021519e-01  1.30228891e-01
  2.04536789e-02 -3.18387362e-02 -1.95314751e-02 -5.23935819e-02
 -3.31873130e-02  7.22031178e-03 -5.73048259e-02 -2.68456947e-02
  6.63660623e+01]
13	[-9.59583472e-02 -2.67551712e-02 -1.16555620e-01 -1.91247657e-03
 -1.31211364e-01  7.77302801e-02  4.86479093e-02 -8.35141298e-02
  1.09834007e-01 -1.70557502e-01 -1.30480290e-02 -1.04062379e+00
  5.48912165e-03 -1.85163286e-01 -8.80069100e-02 -1.85798708e-01
  1.73286609e-02  1.75192943e-02 -1.24560960e-01 -1.19789957e-01
 -7.14540210e-02  6.87074102e-01  3.40684908e-02  2.97852826e-02
  3.45758353e-02  2.71882114e-02 -6.85380732e-02 -1.40097126e-01
 -1.23860905e-01  2.99738070e-02  2.95584202e-02 -7.17005450e-02
 -7.01653382e-02 -8.55093090e-02 -5.54628012e-02 -6.30556382e-02
 -9.95560002e-02 -7.27793298e-02 -5.95665118e-02 -9.19573858e-02
  4.46300914e-02 -1.17117464e-01 -1.20805022e-01 -6.72808450e-02
 -3.87108929e-02 -8.71352243e-02 -4.46516728e-02 -5.40559710e-02
 -1.19271470e-01 -1.11622821e-01 -7.45499527e-02 -8.18208092e-02
 -1.02600241e-01  6.87333200e-02 -1.50866621e-01 -1.99929240e-01
 -9.50397933e-02 -8.41882863e-02 -5.16764257e-02 -8.17579392e-02
  2.27610789e-03 -1.44204896e-01 -2.79732797e-02  6.63760615e-02
  6.52599588e-02  4.36352269e-02  6.95301328e-02 -5.69120295e-03
  1.03848085e-01  2.17463262e-01  1.39424853e-02 -1.57387819e-02
  9.73838217e-03  1.34668876e-02  2.03014473e-02 -9.63112772e-03
 -9.63503847e-03  1.88005094e+00  9.85396748e+00  1.75528170e+01
  5.18505314e+01 -1.63669803e-01 -6.94725520e-02 -2.80828916e-02
 -3.37920365e-02 -1.25622875e-01 -1.32116369e-02  3.37940165e-02
 -4.15504045e-03 -6.43994806e-02  5.92665804e-01  0.00000000e+00
  3.40311881e-02  3.36000076e-02  6.57403883e-02  3.05284963e-03
 -1.49702173e-02 -7.40255013e-02 -6.43994806e-02 -4.15504045e-03
  3.37940165e-02 -8.31775385e-02  1.81968147e-01 -2.54085741e-02
 -4.08589379e-01 -3.45879670e-02 -1.66503438e-02 -1.55961628e-02
  3.43181894e-02 -8.75915089e-03  0.00000000e+00 -3.19079597e-02
  0.00000000e+00  5.19567229e-01  6.05282753e+00  3.89918358e-01
  1.46034451e-02  1.72107605e-02 -2.33004602e-02 -1.35252201e-02
  1.62295453e-02 -1.64017808e-02 -2.53507482e-02 -5.60427596e-02
  8.30413652e-03  1.57088606e-01 -2.33004602e-02 -2.59925007e-02
  2.11287675e-03  7.12454688e-02 -7.60532130e-02 -7.64862710e-03
 -3.22220153e-02  1.62295453e-02 -1.64017808e-02 -2.53507482e-02
 -1.60658468e-02 -1.16837255e-02 -4.18329800e-02 -2.07646048e-02
  4.47663592e+01 -2.31069970e-01  9.85386052e+00  1.88005166e+00
  5.18505314e+01  1.75528169e+01 -9.63156462e-03 -9.63547536e-03
 -3.00522955e-02 -1.04200652e-01 -3.14131788e-01 -3.18607264e-02
 -1.41121135e-02  1.83144291e-02  6.05282753e+00  5.19567229e-01
 -9.74976584e-02 -9.40441663e-02  1.72116869e-02 -4.37469813e-01
 -1.07388392e-01 -5.60427596e-02 -2.04489997e-02 -3.20897873e-02
  2.86906598e-01 -1.15542020e-01  4.21786438e-03  2.73459810e-02
 -2.99516543e-02 -1.53398109e-02 -7.40255013e-02  3.05284963e-03
 -2.89986486e-02 -1.84266767e-02 -1.12711097e-01  8.82484713e-02
 -1.01880496e-01 -5.72717438e-02 -5.98024191e-02 -1.63982868e-01
 -1.25013866e-02 -3.19079597e-02  3.43181894e-02 -3.08242378e-02
 -8.31775385e-02  1.81968147e-01 -1.49702173e-02  1.21840322e-02
 -2.92769914e-02  1.81773823e-03  8.53884689e-03  1.43337777e-02
 -2.07253476e-02 -2.08568755e-02 -4.33172205e-02 -5.01135881e-02
 -3.50240429e-02 -2.16607457e-02 -1.34482609e-02  1.06163946e+00
 -7.06653503e-02 -3.57988800e-02  2.14206660e+00 -3.06767218e-01
 -5.55336666e-01 -1.60623543e-01  5.27095585e-02 -8.81247339e-02
 -4.13323584e-01 -1.01742732e-01 -1.10056373e-01  5.30657554e-02
  1.05179776e+00  5.34038496e-01 -1.95305671e-02 -2.29673249e-02
 -2.88992614e-02  7.43904716e-03 -4.33794532e-02 -2.68456947e-02
 -2.03215509e-02]
14	[-1.18100631e-01  1.15840733e-03 -8.72611987e-02 -1.90121819e-01
 -1.07661477e-01 -1.91661740e-01 -1.94094821e-01 -1.91394940e-01
 -1.04681418e-01 -2.07824821e-01 -2.06511906e-02 -7.62146476e-02
  3.48236792e-02 -1.95065621e-01 -5.72154092e-02 -1.94594617e-01
  1.72383276e-02  1.74288025e-02 -8.65046191e-02 -8.17912024e-02
 -3.90790221e-02 -2.02815834e-01 -9.53121543e-02 -7.23645328e-02
 -9.74712367e-02 -5.92402980e-02 -1.94150308e-01 -2.15798307e-01
 -1.99329916e-01 -7.41193098e-02 -7.26786476e-02 -6.07958660e-02
 -3.87879330e-02 -5.98735123e-02 -8.42951165e-02 -4.92175310e-02
 -1.02236828e-01 -7.96404613e-02 -1.77403809e-01 -3.31683448e-02
 -9.02948157e-02 -1.00143053e-01 -1.34784070e-01 -8.51700691e-02
 -8.84656504e-02 -9.65940944e-02 -1.19403127e-01 -1.25994941e-01
 -9.08550429e-02 -1.31220394e-01 -8.01144569e-02 -8.53409820e-02
 -1.21884604e-01  7.59171644e-02 -1.48714437e-01 -1.58037439e-01
 -9.80454453e-02 -6.21428261e-02 -7.09347042e-02 -8.60002496e-02
 -3.01462313e-02 -1.10977205e-01 -6.31059757e-02  1.01314613e-01
  6.36405549e-02  6.05008792e-02  1.16197516e-01 -6.24070513e-02
  1.29786177e-01  2.04707102e-01  1.84637261e-02 -2.53252120e-02
  4.32553487e-02 -1.43307594e-01 -4.48251967e-02  8.89409210e-03
  8.89039852e-03  4.60964103e-02  4.20959680e-02 -2.54837513e-02
 -1.45714873e-02  4.07040560e-02  8.52485210e-02  3.62970366e-02
 -3.19048395e-02  1.90056165e-01  7.79595163e-03 -8.81821923e-02
 -1.42863219e-02 -2.11928277e-02 -1.14026430e-01  0.00000000e+00
 -8.87871542e-02 -8.89941389e-02  2.19138985e-02 -1.37906894e-01
  3.31320873e-02 -8.05046310e-02 -2.11928277e-02 -1.42863219e-02
 -8.81821923e-02 -5.55437731e-02 -3.59371790e-02  1.22431219e-01
 -1.37267574e-01  7.91072626e-03 -1.44718352e-02 -1.47194104e-02
 -7.46696227e-02 -1.71493423e-03  2.67212080e-03  7.12089422e-02
 -9.72854074e-02  1.43736486e-01  1.28603833e-02  9.66996119e-02
 -5.22034319e-03  1.00429680e-02 -8.81942518e-02  2.66498582e-02
 -3.48635429e-02 -1.65876368e-02 -3.01391702e-02 -4.14460602e-02
 -9.17312371e-02 -1.23391131e-01 -8.81942518e-02 -3.59467455e-02
  2.54786490e-02 -1.96233067e-01 -2.75970266e-02 -3.71923664e-02
 -2.93833351e-02 -3.48635429e-02 -1.65876368e-02 -3.01391702e-02
 -1.62088475e-02 -1.60184537e-02 -4.20326625e-02 -3.89743969e-02
 -1.94290212e-02 -1.85447067e-01  4.20585352e-02  4.60971599e-02
 -1.45714873e-02 -2.54841333e-02  8.89365530e-03  8.88996172e-03
  7.95620845e-02  1.01801171e-01  2.52544645e-02  2.66741497e-03
 -1.43932404e-02  9.34536194e-03  1.28603833e-02  1.43736486e-01
  1.06641858e-01 -8.25829221e-02  1.00414476e-02  4.92667479e-02
 -3.97020319e-02 -4.14460602e-02  3.72312077e-02  8.59818591e-02
 -2.41292788e-01  5.70990551e-02  2.78761499e-02 -4.04221075e-03
  8.54933073e-02 -1.41566963e-02 -8.05046310e-02 -1.37906894e-01
  5.36857590e-02  1.84053428e-02 -1.21903015e-01  1.19735392e-01
 -1.22001412e-01 -1.05259939e-01 -7.38752597e-02 -1.21438899e-01
  2.56198926e-02  7.12089422e-02 -7.46696227e-02 -2.22499534e-02
 -5.55437731e-02 -3.59371790e-02  3.31320873e-02  2.71244420e-02
  6.96427627e-02  5.35050476e-03  8.08171415e-03  1.46479667e-02
  5.91686143e-02  5.88267173e-02  1.13199942e-01  1.97213296e-01
 -4.63195049e-02 -2.16640525e-02 -2.19370151e-02 -1.19692308e+00
 -9.37158666e-01 -3.26300601e-01 -7.48433697e-01 -5.13682775e-01
 -3.33214980e-01 -4.48882766e-01 -3.05015843e-01 -1.93580597e-01
 -9.88844832e-01 -7.83966065e-01 -5.47380025e-01 -1.08836146e+00
 -9.39322113e-01 -6.59623683e-01  3.97190674e-02 -2.56841536e-02
  1.00098377e-02 -5.54146085e-02 -1.67205940e-02  9.84338928e-02
 -1.30951133e-02]
15	[ 4.36426678e-01 -2.74509749e-02  4.41929095e-01  3.08207787e-01
 -1.31211364e-01  4.00273231e-01  2.59123596e-01  4.41041277e-01
  1.70061218e+00  4.68868121e-01  2.32957986e-02 -1.34594314e-01
 -3.16151106e-02  4.14903490e-01 -8.80069100e-02  4.11674170e-01
  1.78802226e-02  1.80708930e-02 -1.31152924e-01 -1.27354486e-01
 -5.77962902e-02  2.87868722e-01  3.35894472e-02  2.97778912e-02
  3.44908847e-02  2.73639417e-02  6.96870727e-01  7.54257184e-01
  4.00351096e-01  3.00965929e-02  2.97992160e-02  8.70261165e-02
  2.03851181e-02 -1.86302358e-02  3.91690107e-01  3.91622077e-01
  6.83551593e-02  4.35600474e-01  1.07220105e-01  2.14510459e-02
  3.32291949e-01  1.08965849e-01  6.00482680e-01  9.91877248e-02
  4.19046034e-01 -1.51304565e-02  5.75813162e-01  6.47909505e-01
 -1.19271470e-01  2.39227815e-01  7.08675745e-01 -4.34877687e-02
  5.45402639e-01  2.01023982e-01  1.00515232e+00  8.70833913e-01
  7.01624955e-01 -7.01790121e-02 -5.10819872e-02 -6.13857463e-02
  8.34404243e-02 -1.43914345e-01  6.60098500e-02 -2.01411669e-01
 -1.03628127e-02 -2.35526931e-01 -2.53152575e-01 -2.19095749e-01
  1.03880787e-01 -2.52790573e-01 -1.74223286e-02 -1.75895693e-02
 -2.00783931e-03  5.16595444e-01  3.37831564e-02 -1.33306917e-02
 -1.33303935e-02 -2.97239407e-02 -3.00980020e-02 -4.64162589e-02
 -1.21121402e-02 -1.63630896e-01 -7.19231783e-02 -2.80822306e-02
  8.68623819e+00 -1.08887589e-01 -1.32116487e-02  3.37866239e-02
  7.47772602e-03 -2.87372409e-02  2.31988415e-01  0.00000000e+00
  3.37986698e-02  3.38397767e-02  3.00784254e-02  1.54841134e-02
 -1.49616060e-02 -7.43008328e-02 -2.87372409e-02  7.47772602e-03
  3.37866239e-02 -1.93190173e-01 -1.29116674e-01 -2.66732950e-02
 -5.01426573e-01 -3.39069244e-02 -1.66703989e-02 -1.55930652e-02
  2.86588709e-02 -1.12079625e-02  5.15793006e-01 -3.57994366e-02
  4.70071110e-01 -1.14855423e-01  9.75474590e-02  4.43714459e-02
 -1.07805599e-02  1.71378771e-02 -2.33084341e-02 -1.46835997e-02
  3.16549394e+01  2.68366069e+01  2.74548771e+01 -5.60249856e-02
  8.30443570e-03  1.56875327e-01 -2.33084341e-02 -3.60168699e-02
  3.62975128e-03  7.80084945e-02 -4.59289678e-02  3.12188563e+01
  2.87718636e+01  3.16549394e+01  2.68366069e+01  2.74548771e+01
 -1.61648218e-02  9.21877916e-03  3.20552083e+01  2.68334350e+01
 -1.27738220e-02 -1.87548782e-01 -3.01349233e-02 -2.97231896e-02
 -1.21121402e-02 -4.64166413e-02 -1.33311286e-02 -1.33308304e-02
 -2.94420217e-02 -4.57803496e-02  3.85868615e-02  1.16804188e-02
 -1.30004079e-02  2.18025761e-02  9.75474590e-02 -1.14855423e-01
 -3.84544746e-02 -8.71781075e-02  1.71388035e-02 -9.87608097e-03
 -1.07388392e-01 -5.60249856e-02 -2.13339477e-02 -3.20897873e-02
 -5.52251271e-01 -1.15328187e-01  3.40328809e-03  2.59746319e-02
 -2.99258423e-02 -1.50499732e-02 -7.43008328e-02  1.54841134e-02
 -1.12896797e-01  1.60955486e+01  7.01094371e-01  1.04241556e-01
  7.23486835e-01  4.54842300e-01  7.15523797e-02  1.23871471e+00
 -1.47057754e-02 -3.57994366e-02  2.86588709e-02 -3.13912036e-02
 -1.93190173e-01 -1.29116674e-01 -1.49616060e-02 -6.71419194e+00
 -2.91778145e-02  1.96118661e-03  9.07866872e-03  1.84263043e-02
  2.34828657e-02  2.36069084e-02  1.23625559e+01 -4.97573456e-02
  1.00183573e-01 -2.14010375e-02 -1.10827435e-02  6.66108894e-02
  1.03047318e-02  2.96568985e+00 -1.20983872e-01  1.14871451e-01
  7.39620227e-02 -4.28149457e-01  1.85622342e-03  5.70620248e-01
  1.16941949e-01 -1.29234712e-02  5.79829809e+00  7.65566521e-02
 -1.68326538e-01  6.32419476e-02 -1.94710335e-02 -2.98650662e-02
 -2.95426054e-02 -8.53205327e-03 -4.45041508e-02 -2.68456947e-02
 -2.07951419e-02]
16	[-1.52765318e-01 -1.02466801e-02 -1.15830606e-01 -2.34475778e-01
 -1.31211364e-01 -2.36503375e-01 -2.52118800e-01 -2.08359164e-01
 -2.01882869e-01 -2.05008137e-01 -2.17113568e-02 -9.02383974e-02
  5.48912165e-03 -1.84244713e-01 -7.43749490e-02 -1.85269755e-01
 -8.40331224e-01 -8.40212042e-01 -1.33791710e-01 -1.27495760e-01
 -7.14540210e-02 -8.71075621e-02  3.39812217e-02  2.91314172e-02
  3.38198933e-02  1.95874863e-02 -2.33244661e-01 -2.28420124e-01
 -1.88028266e-01  2.85762097e-02  2.85802858e-02 -8.45834423e-02
 -8.01458099e-02 -1.00496598e-01 -1.29538956e-01 -6.61913117e-02
 -1.18006625e-01 -1.36484932e-01 -2.06166570e-01 -9.16248016e-02
 -1.27807800e-01 -1.70414717e-01 -1.57647360e-01 -1.04242065e-01
 -1.01445290e-01 -1.04206778e-01 -1.92100786e-01 -1.65685194e-01
 -1.17884854e-01 -1.69732077e-01 -8.40112143e-02 -1.33008268e-01
 -1.40660357e-01  6.87401731e-02 -1.60001154e-01 -2.00651250e-01
 -1.05883590e-01 -6.66124974e-02 -5.04227794e-02 -9.07633637e-02
 -4.55814224e-02 -1.43698010e-01 -5.78978352e-02  1.22614756e-01
  5.95206927e-02  5.91743761e-02  1.21915707e-01  1.53020531e-02
  1.13145279e-01  2.21164862e-01  2.29664273e-02 -1.57387819e-02
  4.55739186e-03 -1.72073813e-01  1.39073664e-02 -1.33299869e-02
 -1.33336359e-02 -3.00898155e-02 -4.01927770e-02 -5.01431881e-02
 -2.15587458e-02 -1.63460606e-01 -4.70186689e-02 -2.80797535e-02
 -3.44490559e-02 -1.01731144e-01 -1.32116413e-02  3.31431865e-02
 -1.21657152e-01 -2.47255969e-02 -1.06778978e-01  0.00000000e+00
  3.32346033e-02  3.26266921e-02  2.60668125e-02 -1.03763832e-03
 -1.49646434e-02 -7.50261541e-02 -2.47255969e-02 -1.21657152e-01
  3.31431865e-02 -1.06120723e-01  1.86029891e-01 -2.78569516e-02
 -5.98475990e-01 -3.27101987e-02 -1.66906301e-02 -1.54847044e-02
  3.16283533e-02 -1.25444397e-02 -3.96344484e-01 -3.30794955e-02
 -5.96182093e-02  5.19043237e-01  9.50168680e-02  1.18878542e-01
 -5.17587081e-03  1.71537776e-02 -2.34041903e-02 -1.47738869e-02
  4.12148191e+00 -5.78886096e+00  1.76522042e+00 -5.60427596e-02
  8.29460720e-03 -9.90041660e+00 -2.34041903e-02 -2.61216767e-02
  6.11372465e-05  6.63159425e-02 -1.24065678e-02  5.78314142e+00
 -4.67224709e+00  4.12148191e+00 -5.78886096e+00  1.76522042e+00
  6.61074154e+01  6.37316357e+01  8.53422522e+00  6.60356219e+00
 -2.03289720e-02 -1.62669073e-01 -4.02296268e-02 -3.00890644e-02
 -2.15587458e-02 -5.01435706e-02 -1.33304238e-02 -1.33340728e-02
 -3.05434812e-02 -8.15899510e-02  2.34685882e-02  1.50524681e-02
 -3.05738721e-02  1.83144291e-02  9.50168680e-02  5.19043237e-01
 -1.27259010e-01 -9.33900552e-02  1.71547040e-02 -6.94877224e-02
 -1.07388392e-01 -5.60427596e-02 -2.26953206e-02 -3.20897873e-02
 -7.27069241e-01  9.87794264e+00  4.10840675e-02 -3.69565646e-02
 -2.98653684e-02 -1.53095344e-02 -7.50261541e-02 -1.03763832e-03
  1.86453451e-01 -2.46420439e-02 -1.43147876e-01  1.37862145e-01
 -1.44822595e-01 -1.44318084e-01 -8.85398106e-02 -1.73968736e-01
 -1.59088551e-02 -3.30794955e-02  3.16283533e-02  1.36431339e-01
 -1.06120723e-01  1.86029891e-01 -1.49646434e-02 -5.31282883e+01
 -1.48397927e-02  2.97552909e-03  9.70223317e-03 -2.00030621e-02
  1.03297341e-02  1.04404542e-02 -1.37299265e-02 -4.97573456e-02
 -3.50240429e-02 -2.14019467e-02 -4.62413905e-01 -4.82614128e-02
 -5.25314257e-02 -5.61076199e-02 -2.95179499e-01 -2.12376963e-01
 -1.78710936e-01 -2.21225070e-01 -2.27502696e-01 -1.76755139e-01
 -1.81639849e-01 -1.75684544e-01 -1.11162330e-01 -2.09991954e+00
  2.04536789e-02 -3.18387362e-02  3.36997447e-04  5.04258738e-02
 -3.03464980e-03 -9.54054956e-03 -1.86946647e-02 -2.68456947e-02
 -7.58119394e-03]
17	[-1.51442638e-01 -5.65845844e-02  1.44944685e-01 -2.29460782e-01
  1.15315043e+00  4.17376726e-01 -2.44887295e-01  5.49231262e+00
 -3.91997100e-01  6.48184097e+00  5.63738727e-01 -2.80995380e-02
  5.48912165e-03  7.91455837e-01 -8.80069100e-02  7.86598802e-01
  1.79221445e-02  1.81128273e-02  2.96710771e-01  3.50960517e-01
 -7.14540210e-02  2.96190290e-01  3.13899671e-02  2.90709420e-02
  3.20440376e-02  2.38717886e-02  5.97833477e-01 -2.26995221e-01
  7.75074057e-01  7.54921654e-01  2.96308656e-02  5.89212691e+00
  1.46867763e+01  1.26399197e+01 -1.27532188e-01 -6.62849572e-02
  6.50865688e-01 -1.44624079e-01 -2.06166570e-01  2.16720936e+00
 -1.27807800e-01  1.13020090e-01  5.33997095e-01 -1.04598580e-01
 -1.04030154e-01 -1.04485392e-01 -1.10290697e-01 -1.18982440e-01
  3.21446629e-02  6.20894936e+00 -8.40112143e-02  1.73382910e-01
  4.25601966e-02  8.58860405e+00 -1.99074897e-01  3.53369298e+00
 -1.05642669e-01 -2.54133564e-01 -4.90925029e-02 -9.08064112e-02
  2.94577241e-02  1.95584230e+00  3.33542829e-01  1.05851539e-01
 -4.92715730e-02  7.74721020e-01  1.02717391e+00  4.19833434e-01
  1.86505791e-01  2.21164862e-01 -3.22633391e-01  2.74528702e-01
  1.31444228e+01 -1.22674617e+00  4.81317995e-02 -1.33306295e-02
 -1.33378301e-02 -2.76327429e-02 -4.01927770e-02  2.43473603e-02
  4.11277486e-02 -1.08342655e-01 -3.02186014e-02  3.61582745e-01
 -3.44490559e-02 -3.45901720e-02 -1.32095155e-02  3.30830948e-02
  8.52434183e+01 -6.00684059e-02  2.39483318e-01  0.00000000e+00
  7.46950444e-01  3.31746977e-02  3.33362640e-02  2.16636928e-02
 -1.49610781e-02 -7.50871137e-02 -6.00684059e-02  8.52434183e+01
  3.30830948e-02 -2.10772247e-01 -1.39861211e-01 -2.43274505e-02
 -8.43032482e-01 -1.16536197e-02  6.66179297e+01  6.66940945e+01
  3.43181894e-02 -8.79236528e-03  0.00000000e+00 -3.74776257e-02
  0.00000000e+00 -4.70121629e-01 -6.10085253e-02 -2.94963555e-01
 -4.04275942e-02  1.69049949e-02 -1.90003741e-02 -1.47953743e-02
 -3.57603567e-02 -1.65756803e-02 -3.04387169e-02 -5.60427596e-02
  1.32012745e-02 -1.65984256e-01 -1.90003741e-02 -2.58189754e-02
  2.54860856e-02  2.04487808e-01 -8.57052977e-02 -3.82403074e-02
 -2.98393471e-02 -3.57603567e-02 -1.65756803e-02 -3.04387169e-02
 -1.61983522e-02 -1.60713658e-02 -4.22392019e-02 -3.90085644e-02
  2.39414387e-02  1.54787167e+00 -4.02296268e-02 -2.76319919e-02
  4.11277486e-02  2.43469792e-02 -1.33310664e-02 -1.33382671e-02
 -2.90403940e-02  8.61194752e-01  1.52578116e-01  2.40724117e-02
 -1.35549720e-02  1.85937771e-02 -6.10085253e-02 -4.70121629e-01
 -1.37692857e-01 -8.29611451e-02  1.69059213e-02 -1.42415410e-02
 -1.07388392e-01 -5.60427596e-02 -2.23949152e-02 -3.16070963e-02
 -7.27069241e-01 -1.76080486e-01  2.97082711e-02  2.66535805e-02
 -2.79781402e-02 -1.51999813e-02 -7.50871137e-02  2.16636928e-02
  1.54807684e-01  1.50596585e-03  4.66851029e-01 -1.73926363e-01
  2.34288123e-01 -4.36918743e-02 -8.06086607e-02 -1.74251353e-01
 -1.25312858e-02 -3.74776257e-02  3.43181894e-02 -3.24440651e-02
 -2.10772247e-01 -1.39861211e-01 -1.49610781e-02  2.71921588e-02
 -3.81554272e-02  4.38009474e-03  1.89162862e-01  1.61695141e-02
  9.81898477e-01  9.82314806e-01 -4.85562849e-02 -5.71596894e-02
 -3.50240429e-02 -2.10518832e-02 -7.30065807e-02  2.13366116e-01
  4.08829355e-01  2.56418143e-01 -2.95179499e-01 -2.12376963e-01
 -1.78710936e-01 -3.27670240e-01  6.96479251e-01  1.74228582e+00
  1.11623177e+00  1.28034554e+00  1.09388849e+00  1.30228891e-01
  2.04536789e-02 -3.18387362e-02 -2.33754796e-02 -5.23935819e-02
 -5.02192866e-03 -1.39707297e-02 -4.36270522e-02 -1.16815092e-02
 -1.87230458e-02]
18	[-1.22499773e-01  1.02403771e-02 -8.31007234e-02 -1.95427501e-01
 -1.31211364e-01 -1.29413568e-01 -1.34108803e-01 -2.00527945e-01
 -2.01545061e-01 -1.30429621e-01 -1.66069035e-02 -1.00786630e-01
  7.69589503e-06 -8.99285037e-02 -8.58729023e-02 -9.10348268e-02
  1.78730724e-02  1.80636857e-02 -1.11970406e-01 -1.11994076e-01
 -2.07145842e-02  5.76332614e-01  3.46504470e-02  3.04832666e-02
  3.51311932e-02  2.76670914e-02 -1.66614183e-01 -1.40815705e-01
 -9.56522308e-02  3.20540372e-02  3.03726443e-02  5.71954841e-01
 -6.48677207e-02 -7.55514996e-02 -1.03659211e-01 -6.59117390e-02
 -4.57498549e-02 -1.36648270e-01 -1.58785761e-01 -8.26669282e-02
 -9.74367821e-02 -1.73601642e-01  1.29270601e-02 -9.35519250e-02
 -1.01074427e-01  5.73738205e-02 -9.85958430e-02 -1.79019341e-02
  1.08748427e-01 -1.62869724e-01  1.03621089e-01 -1.34705829e-01
  3.46859086e-02  1.29086585e-01 -1.01204875e-01 -7.38136694e-02
  1.12119782e-01 -4.31560395e-01 -5.17307162e-02  8.00153089e-02
 -4.28760088e-02 -1.29045212e-01 -5.26866812e-02  1.41608772e-01
  7.83376449e-03 -7.76453299e-02  2.86997922e-02  1.35193172e-01
  1.07701228e-01  1.66153775e-01  2.92956904e-02 -1.11298788e-02
 -2.65896026e-01 -9.81119746e-02  1.48240476e-02 -1.33312496e-02
 -1.33381746e-02 -2.84107349e-02 -2.26369997e-02 -3.51693303e-02
 -9.12622541e-03 -8.22240992e-02 -5.52695093e-02 -2.62916688e-02
  1.36987042e-01 -8.00401671e-02 -1.32087923e-02  3.38529951e-02
  9.96616403e-03 -3.13138836e-02  4.69109245e-01  0.00000000e+00
  3.48693712e-02  3.39332560e-02  2.15449073e-02  2.89441034e-02
 -1.49613362e-02  1.28835859e+01 -3.13138836e-02  9.96616403e-03
  3.38529951e-02 -1.42841576e-01 -1.15031985e-01 -1.55881907e-02
 -5.45876093e-01  1.96938692e+00  5.06955427e-02 -1.51784315e-02
  3.43112447e-02 -1.02740680e-02  1.57772181e-30 -3.38852613e-02
  1.18329136e-30 -2.66955501e-01  2.49777620e-02  1.84007155e-02
 -1.51743536e-02  2.90933526e-02 -2.22913068e-02 -1.47113484e-02
  7.49156937e-02 -1.59992172e-02  5.01386639e-01 -1.03172477e-02
  8.31075998e-03  1.36847875e-01 -2.22913068e-02 -4.20576498e-03
  7.36788186e-03  7.53868627e-02 -4.57373818e-02  1.02098084e-01
  4.17841710e-01  7.49156937e-02 -1.59992172e-02  5.01386639e-01
 -1.61698334e-02 -1.59946717e-02  4.82589111e-01  7.40982052e-01
 -1.86898338e-02 -1.96270730e-01 -2.26739738e-02 -2.84099838e-02
 -9.12622541e-03 -3.51697125e-02 -1.33316865e-02 -1.33386115e-02
 -2.85496217e-02 -4.32143690e-02  3.45424840e-02  9.37760615e-03
 -1.31396933e-02  1.94108763e-02  2.49777620e-02 -2.66955501e-01
 -1.05228829e-01  1.01726666e+01  2.90942792e-02 -1.26639023e-02
 -1.02171148e-02 -1.03172477e-02 -2.03961118e-02 -3.20897873e-02
 -6.16536531e-01 -1.54932554e-01  2.74665874e-03  2.85518248e-02
 -2.92447517e-02 -1.48494526e-02  1.28835859e+01  2.89441034e-02
 -3.82684306e-01 -2.04220150e-02  5.09389852e-02 -1.03864087e-01
  5.64613679e-02 -1.23936738e-01 -8.04955582e-02 -1.73006328e-01
 -1.39781298e-02 -3.38852613e-02  3.43112447e-02 -2.50750639e-02
 -1.42841576e-01 -1.15031985e-01 -1.49613362e-02  1.35157258e-02
 -1.15059672e-02  1.55081214e-03  1.38723533e-02  1.55044845e-02
  3.10015831e-02  3.12377096e-02 -4.19008842e-02 -4.81789598e-02
 -7.39209793e-03 -2.16414557e-02 -1.10512107e-02  2.31789813e-01
  1.31023914e-01  5.77424690e-02  1.67041692e-01 -9.41499361e-03
  3.20150087e-02  1.92734526e-01 -5.45102537e-02 -2.73039226e-02
  2.43272808e-01  1.40394430e-01  1.67395728e-01  2.67264953e-01
  5.79944939e-01  2.31437878e-01 -1.86516851e-02 -5.23348931e-02
 -2.86730807e-02 -8.55105962e-03 -4.34508162e-02 -2.68456947e-02
 -2.04953306e-02]
19	[-2.03097517e-02 -1.63061377e-02 -1.05737315e-02 -4.68819406e-02
 -3.06000694e-02 -2.42732435e-02 -5.03114991e-02 -2.50947598e-02
 -2.85392020e-02 -1.72380146e-02  2.62714106e-02 -2.08006196e-02
 -2.25132053e-02 -6.68066212e-04 -3.99687006e-02 -2.58906688e-03
  1.78597315e-02  1.80499029e-02 -4.31346212e-02 -4.24482793e-02
 -4.26184962e-03 -5.41209036e-02  3.31004657e-02  2.81615198e-02
  3.36353369e-02  2.53963582e-02 -3.78662475e-02 -1.95500812e-02
 -2.22570899e-03  2.84737151e-02  2.82598668e-02 -6.15391528e-02
 -6.70461782e-02 -7.77404596e-02 -3.26269286e-02 -9.37291698e-03
 -7.30610773e-02 -5.74980067e-02  3.37678890e-02 -6.57257490e-02
 -6.93588631e-02 -8.20919367e-02 -8.86856397e-02 -4.27609034e-02
 -6.55763242e-02 -8.16641951e-02 -7.42235355e-02 -8.07507347e-02
 -1.61994050e-02 -5.61689253e-02 -7.28641111e-02 -7.15374373e-02
 -9.08155631e-02  7.59956731e-03 -5.22814125e-02 -6.68285888e-02
 -8.60414433e-02 -4.82426897e-02 -4.47778274e-02 -7.65976899e-02
 -1.87279163e-02  1.18049486e-02 -1.27436275e-02  4.97203642e-02
 -5.08352861e-02  2.02171462e-02  3.09351254e-02  2.57882409e-02
 -2.48873642e-03  7.83732073e-02  1.92883335e-02 -1.96850450e-02
  1.37185901e-03 -1.69760495e-02 -2.61329387e-02 -1.33262116e-02
 -1.33201559e-02 -2.52262442e-02 -1.66450896e-02  2.41361864e-02
 -2.40095716e-02 -4.79949924e-02 -2.00492129e-02 -2.58378102e-02
 -2.50653603e-02 -7.24096431e-02 -1.32026665e-02  3.21509751e-02
  4.24367241e-03 -2.73766860e-02 -8.71845966e-02  0.00000000e+00
  3.19393980e-02  3.22813078e-02  2.77932194e-02  5.55940962e-02
 -1.49604364e-02 -7.11581795e-02 -2.73766860e-02  4.24367241e-03
  3.21509751e-02  5.74068784e-02  1.33578037e-01 -2.07569972e-02
  3.86999082e-01 -2.56550747e-02 -1.65171652e-02 -1.53576942e-02
  2.27416848e-02 -9.08113147e-03 -3.48505543e-02 -2.86356425e-02
  5.38420177e-02  5.12585968e-02 -4.26857417e-02  7.94335404e-03
 -1.50278536e-02  3.82548777e-02 -1.16304500e-02 -1.47528658e-02
 -1.67659478e-02 -1.65423742e-02 -2.80640882e-02 -3.40150390e-02
  8.85602757e-03  8.53776403e-02 -1.16304500e-02  3.21884794e-04
  1.10852581e-03  6.68302864e-02 -4.82668239e-02 -1.85947100e-02
 -2.24919818e-02 -1.67659478e-02 -1.65423742e-02 -2.80640882e-02
 -1.62094776e-02 -1.60693635e-02 -3.49068280e-02 -3.73837129e-02
 -1.49431993e-02  3.83134026e-02 -1.65444563e-02 -2.52282753e-02
 -2.40095716e-02  2.41372197e-02 -1.33250292e-02 -1.33189736e-02
 -2.60798165e-02 -3.28598960e-02 -2.26707322e-02 -9.97290717e-03
 -1.36172188e-02  1.87604660e-02 -4.26857417e-02  5.12585968e-02
 -2.31524186e-02 -8.18232733e-02  3.82536892e-02 -3.88552471e-03
 -3.76349025e-02 -3.40150390e-02 -2.13815026e-02 -3.00041075e-02
  5.54356685e-01 -6.09570761e-02  4.28556939e-03  2.24389527e-02
 -2.88858698e-02  1.27624097e-02 -7.11581795e-02  5.55940962e-02
  8.66724365e-02 -8.37021051e-03 -9.28915422e-02  9.28282236e-02
 -9.54479016e-02 -3.25512256e-02 -3.84910708e-02  1.11299205e-02
 -1.27879921e-02 -2.86356425e-02  2.27416848e-02 -1.25863298e-02
  5.74068784e-02  1.33578037e-01 -1.49604364e-02  1.13046440e-02
 -1.60720433e-02  7.23595001e-03  1.01432688e-02  1.70353128e-02
  3.33976998e-03  3.56474318e-03 -2.47116520e-02 -3.00149633e-02
  1.60568927e-03 -1.95478305e-02  4.82233433e-02  4.96660552e-01
  5.09600391e-01  2.25141699e-01  7.20763744e-01  6.79918501e-01
  5.25289290e-01  7.00766818e-01  5.30749468e-01  4.21895107e-01
  5.26178770e-01  5.58505410e-01  4.12672325e-01  2.10154030e-01
  1.70325577e-01  1.93795415e-01 -1.64499792e-02  4.03636676e-02
  2.88979036e-02  1.82957048e-02  6.96265601e-02 -1.90057593e-02
 -1.20783115e-02]
20	[-1.53326158e-01 -2.72557998e-02 -1.16170988e-01 -2.35622467e-01
 -1.22970246e-01 -2.32638677e-01 -2.48097922e-01 -2.19315086e-01
 -2.13548831e-01 -2.23448633e-01 -2.17591710e-02 -7.95916941e-02
  5.48912165e-03 -2.06510303e-01 -8.80069100e-02 -2.07053449e-01
  1.77931443e-02  1.79838163e-02 -1.30990336e-01 -1.25744438e-01
 -7.14540210e-02 -2.81836848e-01  3.14839623e-02  1.04201390e-02
  3.18636654e-02  1.35919550e-02 -2.46384976e-01 -2.48137007e-01
 -2.12837254e-01  8.89115181e-03  9.18303180e-03 -8.49793836e-02
 -8.01458099e-02 -1.00741222e-01 -1.28897804e-01 -6.62849572e-02
 -1.18016006e-01 -1.44433076e-01 -2.04492642e-01 -9.13494927e-02
 -1.27807800e-01 -1.73188056e-01 -1.58864850e-01 -1.03229455e-01
 -1.01957018e-01 -1.03870782e-01 -1.95877329e-01 -1.68463401e-01
 -1.16399632e-01 -1.69722392e-01 -8.40112143e-02 -1.34306724e-01
 -1.41015472e-01  6.88357186e-02 -1.54843984e-01 -2.06440667e-01
 -1.05759229e-01 -8.22197212e-02 -5.17173041e-02 -9.04708998e-02
 -4.57014695e-02 -1.29900466e-01 -5.87004369e-02  1.46695154e-01
  6.52599588e-02  5.91395854e-02  1.34752761e-01 -9.16663086e-03
  1.03471195e-01  2.21164862e-01  2.04303979e-02 -1.57825458e-02
  4.02766039e-03 -1.57342262e-01  3.97773861e-02 -1.33328920e-02
 -1.33399326e-02 -2.92226974e-02 -4.01927770e-02 -5.01431881e-02
 -8.61607023e-02 -1.43923959e-01  1.27508711e-01 -2.73960262e-02
 -3.44490559e-02 -1.14331689e-01 -1.32093443e-02 -2.50816787e-03
 -1.90587526e-02 -3.58479068e-02 -4.83170306e-01  0.00000000e+00
  1.39494396e-02 -5.16674893e-03  3.71890360e-02  2.38969940e-02
 -1.49254090e-02 -7.50753038e-02 -3.58479068e-02 -1.90587526e-02
 -2.50816787e-03 -1.32968224e-01 -1.39861211e-01 -2.72427392e-02
 -6.35398835e-01 -3.53830529e-02 -1.67468998e-02 -1.56723176e-02
  3.43181894e-02  1.55465872e-03  0.00000000e+00  8.79347864e-02
  0.00000000e+00  1.37989570e+00 -1.79335861e-01 -3.12477544e-01
  6.64982684e+01  1.40918358e-02 -2.38195818e-02 -1.47977971e-02
 -3.59427197e-02 -1.66169970e-02 -3.04304886e-02 -5.60427596e-02
  8.14617045e-03  6.27648481e-02 -2.38195818e-02 -2.63879942e-02
 -3.09806964e-02 -1.02380882e-01 -8.57052977e-02 -3.82296957e-02
 -3.06995651e-02 -3.59427197e-02 -1.66169970e-02 -3.04304886e-02
 -1.62318003e-02 -1.60850183e-02 -4.22962658e-02 -3.89797631e-02
 -2.00678908e-02 -2.51806628e-01 -4.02296268e-02 -2.92219463e-02
 -8.61607023e-02 -5.01435706e-02 -1.33333289e-02 -1.33403695e-02
 -3.09499118e-02 -8.16238760e-02 -1.14323606e-03  8.06975558e-03
 -3.37469188e-02  1.80239706e-02 -1.79335861e-01  1.37989570e+00
  5.00927663e-02 -9.47138674e-02  1.40927621e-02 -1.98094827e-02
 -1.07388392e-01 -5.60427596e-02 -7.23459848e-03 -2.28881580e-02
  1.70572036e-01 -1.79387768e-01  3.22058269e-03  3.06648816e-02
 -1.89092673e-02 -1.53446778e-02 -7.50753038e-02  2.38969940e-02
  1.91472538e-01 -2.66534859e-02 -1.44527612e-01  1.37601076e-01
 -1.46966363e-01 -1.43638252e-01 -8.68744693e-02 -1.74251353e-01
 -3.21702722e-03  8.79347864e-02  3.43181894e-02 -3.11415288e-02
 -1.32968224e-01 -1.39861211e-01 -1.49254090e-02  2.71911315e-02
 -1.99438635e-02 -7.78697168e-04  8.64930233e-03  1.39976180e-02
 -1.98710795e-02 -1.97698591e-02 -4.79476320e-02 -5.19904235e-02
 -3.50240429e-02 -2.16649823e-02 -1.34784363e-02 -1.48805678e+00
 -4.51056049e-01 -3.27443826e-01 -2.95179499e-01 -2.12376963e-01
 -1.78710936e-01 -2.21225070e-01 -2.27502696e-01 -1.76755139e-01
 -1.81639849e-01 -1.75684544e-01 -1.11162330e-01  1.30228891e-01
  2.04536789e-02 -3.18387362e-02 -1.61559573e-02 -5.23935819e-02
 -4.91550578e-02 -1.89979628e-02 -2.74020008e-02 -7.57493957e-02
 -2.79434402e-02]
